44 44
1 12
45 44
45 43
44 43
43 43
43 44
8 42
43 45
8 43
8 44
1 13
44 45
45 45
8 45
8 46
8 47
46 45
8 48
46 44
8 49
46 43
8 50
46 42
8 51
45 42
44 42
43 42
8 52
42 42
8 53
8 54
42 43
8 55
8 56
1 14
42 44
8 57
42 45
42 46
43 46
8 58
44 46
45 46
46 46
47 46
47 45
8 59
8 60
47 44
47 43
8 61
47 42
47 41
46 41
45 41
8 62
8 63
44 41
8 64
43 41
8 65
8 66
42 41
8 67
1 15
8 68
8 69
41 41
41 42
41 43
41 44
8 70
41 45
8 71
41 46
41 47
42 47
43 47
44 47
8 72
45 47
46 47
47 47
48 47
8 73
48 46
48 45
8 74
48 44
48 43
48 42
8 75
48 41
48 40
8 76
47 40
46 40
1 16
8 77
45 40
44 40
43 40
8 78
42 40
8 79
41 40
40 40
40 41
40 42
40 43
40 44
40 45
1 17
40 46
40 47
40 48
41 48
42 48
8 80
1 18
43 48
9 80
44 48
45 48
46 48
10 80
47 48
48 48
49 48
49 47
11 80
12 80
13 80
14 80
49 46
15 80
49 45
1 19
49 44
49 43
49 42
49 41
49 40
49 39
16 80
17 80
1 20
48 39
47 39
18 80
46 39
45 39
44 39
43 39
42 39
41 39
40 39
39 39
39 40
39 41
39 42
39 43
39 44
39 45
39 46
39 47
39 48
39 49
19 80
40 49
20 80
41 49
1 21
42 49
43 49
44 49
45 49
46 49
47 49
48 49
49 49
50 49
21 80
22 80
23 80
50 48
50 47
50 46
50 45
50 44
24 80
50 43
50 42
25 80
26 80
50 41
50 40
50 39
50 38
49 38
48 38
47 38
1 22
46 38
27 80
45 38
44 38
43 38
28 80
29 80
42 38
41 38
40 38
39 38
38 38
38 39
38 40
38 41
38 42
30 80
38 43
31 80
38 44
32 80
38 45
38 46
38 47
38 48
38 49
1 23
38 50
33 80
39 50
1 24
34 80
35 80
40 50
41 50
42 50
43 50
36 80
44 50
45 50
37 80
46 50
47 50
48 50
49 50
50 50
51 50
51 49
51 48
51 47
38 80
51 46
39 80
51 45
51 44
51 43
40 80
51 42
51 41
51 40
41 80
51 39
51 38
1 25
42 80
51 37
50 37
43 80
49 37
48 37
47 37
46 37
45 37
44 37
43 37
42 37
44 80
41 37
45 80
46 80
40 37
39 37
47 80
48 80
49 80
38 37
50 80
51 80
52 80
37 37
1 26
1 27
37 38
37 39
37 40
37 41
37 42
53 80
37 43
54 80
55 80
37 44
56 80
57 80
1 28
37 45
37 46
37 47
58 80
37 48
37 49
59 80
37 50
60 80
37 51
38 51
39 51
61 80
40 51
41 51
62 80
42 51
43 51
44 51
63 80
64 80
45 51
46 51
47 51
65 80
66 80
67 80
48 51
49 51
50 51
51 51
52 51
68 80
52 50
1 29
52 49
1 30
69 80
52 48
52 47
52 46
52 45
70 80
52 44
1 31
52 43
71 80
52 42
52 41
52 40
52 39
72 80
73 80
52 38
52 37
74 80
75 80
76 80
52 36
77 80
78 80
79 80
1 32
51 36
50 36
49 36
48 36
80 80
81 80
47 36
81 79
46 36
45 36
44 36
43 36
42 36
1 33
81 78
81 77
41 36
40 36
39 36
38 36
37 36
36 36
36 37
81 76
36 38
36 39
81 75
36 40
36 41
36 42
36 43
1 34
81 74
81 73
36 44
36 45
81 72
36 46
81 71
81 70
36 47
36 48
36 49
36 50
36 51
81 69
36 52
37 52
81 68
38 52
1 35
39 52
81 67
40 52
81 66
1 36
41 52
81 65
42 52
43 52
81 64
81 63
44 52
81 62
81 61
81 60
45 52
46 52
47 52
48 52
49 52
81 59
50 52
51 52
81 58
52 52
81 57
53 52
81 56
53 51
53 50
53 49
81 55
53 48
81 54
53 47
53 46
53 45
53 44
81 53
53 43
81 52
81 51
53 42
81 50
53 41
53 40
81 49
53 39
53 38
81 48
53 37
53 36
53 35
52 35
51 35
81 47
50 35
81 46
81 45
81 44
49 35
48 35
47 35
81 43
46 35
1 37
81 42
45 35
44 35
43 35
42 35
81 41
41 35
40 35
39 35
38 35
37 35
36 35
35 35
35 36
81 40
35 37
35 38
35 39
35 40
81 39
35 41
35 42
35 43
35 44
35 45
35 46
35 47
81 38
35 48
35 49
81 37
81 36
35 50
35 51
35 52
35 53
36 53
81 35
37 53
38 53
1 38
39 53
40 53
41 53
81 34
42 53
0 13
43 53
81 33
44 53
45 53
46 53
81 32
81 31
47 53
48 53
49 53
50 53
51 53
81 30
52 53
53 53
54 53
54 52
54 51
54 50
54 49
1 39
81 29
54 48
54 47
54 46
81 28
54 45
81 27
81 26
54 44
54 43
54 42
54 41
81 25
54 40
54 39
81 24
54 38
54 37
54 36
54 35
81 23
54 34
53 34
52 34
51 34
50 34
1 40
49 34
48 34
47 34
46 34
45 34
81 22
44 34
0 14
43 34
42 34
81 21
41 34
81 20
40 34
81 19
81 18
39 34
81 17
38 34
37 34
81 16
81 15
36 34
81 14
35 34
1 41
34 34
34 35
34 36
81 13
34 37
81 12
81 11
34 38
34 39
34 40
34 41
34 42
81 10
34 43
34 44
34 45
81 9
34 46
81 8
34 47
34 48
81 7
34 49
34 50
34 51
34 52
34 53
34 54
35 54
36 54
37 54
38 54
39 54
0 15
80 7
40 54
79 7
41 54
42 54
43 54
44 54
78 7
45 54
46 54
47 54
48 54
77 7
49 54
50 54
76 7
75 7
74 7
73 7
51 54
52 54
53 54
54 54
55 54
72 7
55 53
55 52
71 7
55 51
55 50
55 49
55 48
55 47
55 46
55 45
55 44
55 43
55 42
55 41
55 40
70 7
69 7
55 39
55 38
55 37
55 36
68 7
55 35
67 7
55 34
55 33
66 7
54 33
53 33
65 7
52 33
1 42
51 33
64 7
50 33
49 33
63 7
62 7
48 33
47 33
46 33
45 33
61 7
44 33
43 33
1 43
42 33
60 7
1 44
41 33
40 33
59 7
58 7
57 7
39 33
56 7
38 33
55 7
54 7
37 33
36 33
35 33
34 33
53 7
33 33
33 34
52 7
33 35
33 36
51 7
33 37
33 38
33 39
33 40
1 45
50 7
33 41
49 7
33 42
33 43
33 44
33 45
48 7
33 46
33 47
33 48
33 49
47 7
33 50
46 7
33 51
45 7
33 52
33 53
33 54
33 55
34 55
35 55
44 7
43 7
36 55
37 55
38 55
42 7
39 55
40 55
41 7
40 7
39 7
38 7
41 55
42 55
43 55
44 55
37 7
36 7
45 55
46 55
35 7
47 55
48 55
49 55
50 55
34 7
51 55
52 55
53 55
54 55
55 55
56 55
56 54
56 53
56 52
56 51
56 50
56 49
56 48
56 47
33 7
56 46
56 45
32 7
31 7
30 7
56 44
29 7
56 43
56 42
56 41
56 40
56 39
56 38
56 37
56 36
28 7
27 7
1 46
26 7
25 7
24 7
1 47
56 35
56 34
23 7
56 33
56 32
55 32
54 32
53 32
22 7
21 7
52 32
51 32
50 32
49 32
20 7
19 7
48 32
18 7
47 32
1 48
46 32
1 49
45 32
44 32
17 7
43 32
16 7
42 32
1 50
41 32
40 32
39 32
38 32
37 32
36 32
15 7
35 32
34 32
14 7
13 7
33 32
32 32
32 33
32 34
32 35
12 7
32 36
32 37
32 38
32 39
32 40
32 41
32 42
32 43
11 7
10 7
9 7
32 44
32 45
32 46
8 7
32 47
32 48
32 49
1 51
32 50
7 7
32 51
32 52
32 53
32 54
7 8
32 55
32 56
33 56
34 56
35 56
36 56
37 56
38 56
39 56
7 9
40 56
1 52
41 56
42 56
43 56
44 56
7 10
1 53
45 56
46 56
7 11
47 56
48 56
7 12
49 56
50 56
1 54
51 56
52 56
53 56
7 13
54 56
55 56
56 56
7 14
7 15
57 56
57 55
57 54
7 16
7 17
57 53
57 52
57 51
57 50
57 49
57 48
57 47
57 46
57 45
57 44
57 43
57 42
57 41
57 40
57 39
7 18
57 38
57 37
57 36
57 35
7 19
57 34
57 33
7 20
57 32
57 31
56 31
55 31
54 31
53 31
7 21
52 31
51 31
7 22
50 31
7 23
49 31
48 31
47 31
46 31
45 31
7 24
7 25
44 31
43 31
7 26
7 27
42 31
7 28
41 31
40 31
39 31
7 29
38 31
37 31
7 30
36 31
7 31
35 31
34 31
33 31
32 31
31 31
31 32
31 33
31 34
31 35
31 36
31 37
7 32
31 38
7 33
1 55
31 39
31 40
7 34
31 41
31 42
31 43
31 44
31 45
7 35
31 46
31 47
31 48
31 49
7 36
31 50
31 51
31 52
31 53
31 54
31 55
31 56
31 57
32 57
33 57
1 56
34 57
35 57
7 37
36 57
37 57
38 57
39 57
40 57
41 57
42 57
43 57
44 57
1 57
7 38
45 57
46 57
7 39
47 57
7 40
48 57
49 57
50 57
7 41
51 57
52 57
7 42
53 57
54 57
55 57
56 57
57 57
58 57
7 43
7 44
58 56
58 55
58 54
7 45
58 53
58 52
58 51
58 50
7 46
58 49
7 47
58 48
58 47
58 46
58 45
58 44
58 43
58 42
58 41
58 40
7 48
58 39
7 49
7 50
7 51
58 38
7 52
7 53
58 37
58 36
1 58
58 35
58 34
58 33
58 32
58 31
1 59
58 30
7 54
57 30
56 30
7 55
55 30
54 30
53 30
7 56
52 30
51 30
50 30
1 60
49 30
48 30
47 30
7 57
7 58
7 59
46 30
45 30
44 30
43 30
1 61
7 60
42 30
41 30
40 30
7 61
39 30
38 30
7 62
37 30
7 63
36 30
35 30
34 30
33 30
32 30
7 64
7 65
31 30
30 30
30 31
30 32
30 33
30 34
30 35
7 66
30 36
1 62
30 37
7 67
30 38
30 39
30 40
1 63
7 68
30 41
30 42
7 69
30 43
30 44
30 45
7 70
30 46
30 47
30 48
7 71
7 72
30 49
30 50
30 51
7 73
30 52
30 53
7 74
30 54
30 55
30 56
30 57
30 58
31 58
32 58
33 58
7 75
34 58
7 76
35 58
7 77
36 58
37 58
38 58
39 58
40 58
41 58
7 78
42 58
43 58
44 58
45 58
7 79
7 80
7 81
46 58
8 81
47 58
48 58
49 58
50 58
9 81
51 58
10 81
11 81
12 81
52 58
53 58
1 64
54 58
55 58
56 58
57 58
1 65
58 58
59 58
13 81
59 57
59 56
59 55
14 81
59 54
59 53
59 52
15 81
59 51
59 50
59 49
59 48
59 47
59 46
16 81
17 81
59 45
59 44
59 43
59 42
59 41
59 40
18 81
19 81
59 39
59 38
20 81
59 37
59 36
21 81
59 35
59 34
22 81
59 33
59 32
23 81
1 66
24 81
59 31
59 30
59 29
58 29
57 29
25 81
1 67
56 29
55 29
54 29
26 81
27 81
53 29
52 29
28 81
51 29
50 29
49 29
29 81
48 29
30 81
31 81
32 81
33 81
47 29
46 29
34 81
35 81
45 29
44 29
43 29
36 81
42 29
1 68
41 29
40 29
37 81
38 81
39 29
38 29
37 29
1 69
36 29
35 29
39 81
34 29
40 81
33 29
32 29
31 29
30 29
29 29
41 81
42 81
29 30
29 31
29 32
29 33
0 16
29 34
29 35
29 36
43 81
1 70
29 37
29 38
29 39
29 40
29 41
29 42
29 43
44 81
29 44
45 81
29 45
29 46
29 47
46 81
29 48
29 49
47 81
48 81
49 81
50 81
29 50
29 51
29 52
29 53
51 81
29 54
29 55
29 56
29 57
52 81
29 58
29 59
30 59
31 59
53 81
32 59
33 59
54 81
34 59
35 59
36 59
37 59
38 59
39 59
40 59
41 59
42 59
43 59
44 59
55 81
45 59
56 81
57 81
46 59
47 59
58 81
48 59
59 81
49 59
50 59
51 59
52 59
60 81
53 59
54 59
61 81
55 59
62 81
63 81
56 59
64 81
57 59
58 59
59 59
60 59
65 81
66 81
60 58
60 57
60 56
60 55
60 54
60 53
60 52
60 51
60 50
60 49
60 48
67 81
60 47
68 81
60 46
69 81
60 45
60 44
60 43
70 81
60 42
60 41
60 40
60 39
60 38
60 37
60 36
71 81
60 35
1 71
60 34
60 33
72 81
60 32
60 31
60 30
60 29
60 28
59 28
58 28
57 28
56 28
73 81
55 28
54 28
53 28
74 81
52 28
75 81
76 81
51 28
1 72
50 28
49 28
77 81
78 81
48 28
47 28
46 28
45 28
44 28
79 81
43 28
42 28
41 28
40 28
80 81
39 28
38 28
37 28
81 81
36 28
82 81
35 28
34 28
33 28
32 28
82 80
31 28
30 28
29 28
28 28
82 79
1 73
28 29
28 30
82 78
28 31
28 32
28 33
28 34
82 77
82 76
28 35
28 36
28 37
28 38
28 39
28 40
28 41
28 42
28 43
82 75
82 74
82 73
28 44
28 45
28 46
28 47
28 48
28 49
82 72
28 50
28 51
82 71
82 70
1 74
82 69
1 75
28 52
1 76
28 53
28 54
28 55
28 56
28 57
28 58
28 59
82 68
28 60
29 60
82 67
30 60
1 77
31 60
82 66
32 60
33 60
34 60
35 60
82 65
36 60
37 60
38 60
39 60
82 64
82 63
40 60
82 62
82 61
41 60
42 60
43 60
44 60
82 60
45 60
46 60
82 59
47 60
1 78
82 58
48 60
49 60
50 60
51 60
52 60
53 60
54 60
82 57
55 60
82 56
82 55
82 54
56 60
82 53
82 52
57 60
58 60
82 51
59 60
82 50
1 79
82 49
60 60
61 60
61 59
82 48
61 58
61 57
61 56
61 55
1 80
82 47
61 54
61 53
61 52
82 46
61 51
61 50
61 49
61 48
82 45
61 47
82 44
61 46
61 45
1 81
82 43
61 44
61 43
61 42
61 41
82 42
61 40
61 39
82 41
0 17
61 38
61 37
61 36
61 35
1 82
61 34
61 33
61 32
61 31
61 30
61 29
61 28
61 27
60 27
59 27
58 27
57 27
82 40
56 27
82 39
82 38
55 27
54 27
1 83
53 27
82 37
52 27
51 27
50 27
49 27
48 27
47 27
46 27
45 27
44 27
82 36
82 35
43 27
42 27
41 27
40 27
39 27
82 34
82 33
38 27
82 32
37 27
36 27
82 31
35 27
1 84
34 27
33 27
32 27
31 27
82 30
30 27
29 27
28 27
82 29
82 28
82 27
27 27
1 85
27 28
27 29
27 30
27 31
82 26
27 32
82 25
27 33
82 24
27 34
27 35
27 36
82 23
82 22
27 37
82 21
27 38
27 39
27 40
82 20
27 41
27 42
82 19
27 43
27 44
27 45
27 46
27 47
27 48
27 49
27 50
82 18
82 17
27 51
82 16
27 52
27 53
27 54
27 55
27 56
27 57
82 15
27 58
82 14
27 59
27 60
27 61
28 61
29 61
30 61
82 13
31 61
82 12
32 61
82 11
82 10
33 61
34 61
82 9
35 61
82 8
36 61
37 61
1 86
38 61
82 7
39 61
40 61
82 6
81 6
41 61
42 61
43 61
44 61
80 6
45 61
46 61
47 61
48 61
49 61
50 61
79 6
51 61
78 6
52 61
53 61
54 61
55 61
56 61
57 61
58 61
59 61
77 6
60 61
76 6
75 6
1 87
74 6
61 61
62 61
62 60
62 59
62 58
62 57
62 56
2 87
73 6
62 55
62 54
72 6
3 87
62 53
62 52
62 51
62 50
62 49
71 6
62 48
70 6
69 6
68 6
62 47
62 46
62 45
67 6
62 44
66 6
62 43
65 6
62 42
62 41
62 40
64 6
62 39
62 38
63 6
62 37
4 87
62 36
62 6
62 35
62 34
62 33
62 32
61 6
62 31
62 30
60 6
62 29
62 28
62 27
59 6
62 26
58 6
57 6
61 26
60 26
59 26
5 87
58 26
57 26
56 6
6 87
56 26
55 26
54 26
53 26
52 26
51 26
50 26
49 26
48 26
47 26
55 6
46 26
7 87
45 26
44 26
43 26
8 87
42 26
54 6
53 6
41 26
40 26
39 26
38 26
37 26
36 26
52 6
51 6
35 26
34 26
33 26
32 26
31 26
30 26
29 26
28 26
27 26
9 87
50 6
49 6
48 6
47 6
46 6
45 6
26 26
26 27
26 28
26 29
26 30
26 31
26 32
26 33
26 34
26 35
26 36
26 37
26 38
26 39
44 6
43 6
42 6
41 6
26 40
26 41
26 42
26 43
26 44
40 6
39 6
26 45
38 6
26 46
26 47
37 6
26 48
26 49
26 50
36 6
26 51
35 6
34 6
26 52
26 53
33 6
26 54
26 55
26 56
26 57
26 58
26 59
26 60
26 61
26 62
32 6
27 62
28 62
29 62
30 62
31 62
31 6
30 6
32 62
33 62
34 62
35 62
36 62
10 87
37 62
29 6
38 62
28 6
27 6
39 62
40 62
26 6
41 62
42 62
25 6
43 62
44 62
24 6
45 62
46 62
23 6
47 62
48 62
49 62
50 62
51 62
52 62
22 6
53 62
54 62
21 6
55 62
56 62
57 62
58 62
59 62
60 62
61 62
62 62
63 62
20 6
19 6
63 61
63 60
63 59
18 6
63 58
63 57
63 56
17 6
16 6
63 55
63 54
15 6
63 53
63 52
63 51
63 50
14 6
63 49
63 48
63 47
13 6
63 46
63 45
63 44
63 43
63 42
63 41
63 40
11 87
63 39
12 6
63 38
63 37
63 36
11 6
63 35
10 6
63 34
63 33
63 32
63 31
9 6
63 30
63 29
63 28
12 87
63 27
13 87
63 26
63 25
62 25
8 6
61 25
60 25
59 25
7 6
58 25
57 25
6 6
56 25
55 25
6 7
54 25
6 8
6 9
53 25
6 10
52 25
51 25
50 25
49 25
48 25
47 25
46 25
45 25
44 25
6 11
6 12
43 25
42 25
41 25
6 13
6 14
40 25
14 87
39 25
38 25
37 25
36 25
35 25
34 25
33 25
6 15
6 16
32 25
6 17
31 25
30 25
29 25
28 25
6 18
15 87
27 25
6 19
26 25
25 25
25 26
6 20
25 27
25 28
25 29
25 30
6 21
25 31
25 32
6 22
25 33
25 34
25 35
16 87
6 23
6 24
25 36
6 25
17 87
25 37
25 38
25 39
25 40
25 41
25 42
25 43
25 44
25 45
6 26
18 87
25 46
25 47
6 27
19 87
25 48
25 49
25 50
6 28
6 29
25 51
25 52
25 53
6 30
25 54
6 31
6 32
25 55
25 56
25 57
6 33
25 58
25 59
25 60
6 34
25 61
6 35
25 62
6 36
25 63
6 37
26 63
27 63
28 63
29 63
30 63
6 38
31 63
32 63
6 39
33 63
6 40
34 63
6 41
35 63
36 63
37 63
38 63
39 63
40 63
6 42
6 43
20 87
41 63
42 63
21 87
43 63
6 44
6 45
44 63
45 63
6 46
6 47
46 63
47 63
6 48
48 63
49 63
50 63
22 87
6 49
51 63
52 63
6 50
53 63
6 51
54 63
23 87
55 63
56 63
57 63
58 63
59 63
24 87
60 63
61 63
62 63
6 52
63 63
64 63
64 62
64 61
64 60
64 59
64 58
64 57
6 53
6 54
64 56
64 55
64 54
64 53
64 52
64 51
64 50
6 55
64 49
64 48
64 47
64 46
64 45
64 44
64 43
64 42
6 56
64 41
64 40
64 39
64 38
64 37
6 57
64 36
64 35
64 34
64 33
6 58
6 59
64 32
64 31
64 30
64 29
64 28
6 60
6 61
6 62
64 27
64 26
6 63
64 25
6 64
25 87
6 65
64 24
6 66
63 24
62 24
6 67
61 24
60 24
59 24
6 68
6 69
58 24
6 70
57 24
56 24
55 24
6 71
54 24
6 72
53 24
6 73
52 24
51 24
50 24
26 87
6 74
49 24
6 75
48 24
6 76
47 24
6 77
46 24
6 78
6 79
45 24
44 24
6 80
43 24
42 24
6 81
6 82
7 82
8 82
41 24
40 24
39 24
38 24
37 24
36 24
35 24
34 24
33 24
9 82
10 82
32 24
31 24
30 24
29 24
28 24
27 24
11 82
26 24
25 24
24 24
24 25
24 26
24 27
12 82
24 28
24 29
27 87
24 30
24 31
24 32
24 33
24 34
24 35
24 36
24 37
24 38
28 87
13 82
24 39
14 82
15 82
16 82
24 40
24 41
24 42
17 82
24 43
18 82
19 82
24 44
24 45
20 82
24 46
24 47
24 48
24 49
21 82
24 50
24 51
24 52
22 82
24 53
23 82
24 54
24 55
24 56
29 87
24 57
24 82
24 58
24 59
30 87
25 82
26 82
24 60
24 61
24 62
24 63
24 64
25 64
27 82
26 64
27 64
28 82
29 82
28 64
30 82
29 64
30 64
31 64
31 82
32 64
33 64
34 64
35 64
36 64
37 64
38 64
39 64
31 87
32 82
33 82
40 64
34 82
41 64
42 64
35 82
36 82
43 64
44 64
37 82
38 82
45 64
46 64
47 64
39 82
40 82
48 64
49 64
50 64
51 64
52 64
53 64
41 82
54 64
55 64
56 64
57 64
58 64
32 87
59 64
42 82
43 82
60 64
44 82
45 82
61 64
46 82
0 18
47 82
62 64
63 64
48 82
64 64
65 64
65 63
65 62
65 61
65 60
65 59
65 58
65 57
65 56
65 55
49 82
65 54
65 53
65 52
65 51
65 50
65 49
65 48
65 47
65 46
65 45
65 44
50 82
65 43
65 42
65 41
51 82
65 40
65 39
52 82
65 38
65 37
65 36
65 35
53 82
0 19
65 34
65 33
54 82
55 82
65 32
65 31
56 82
65 30
65 29
65 28
65 27
65 26
65 25
65 24
65 23
64 23
57 82
63 23
62 23
61 23
60 23
59 23
58 23
58 82
59 82
57 23
56 23
55 23
33 87
54 23
53 23
52 23
51 23
50 23
60 82
61 82
49 23
48 23
62 82
47 23
63 82
46 23
64 82
65 82
45 23
44 23
66 82
43 23
67 82
68 82
69 82
42 23
34 87
41 23
70 82
71 82
72 82
73 82
40 23
39 23
38 23
37 23
74 82
0 20
36 23
35 23
34 23
75 82
33 23
32 23
31 23
76 82
77 82
30 23
29 23
28 23
78 82
27 23
26 23
25 23
79 82
80 82
24 23
23 23
81 82
82 82
35 87
23 24
23 25
23 26
83 82
83 81
23 27
36 87
23 28
23 29
83 80
83 79
23 30
23 31
83 78
83 77
23 32
23 33
23 34
83 76
23 35
23 36
23 37
23 38
23 39
23 40
23 41
37 87
23 42
23 43
23 44
83 75
23 45
23 46
23 47
23 48
23 49
23 50
23 51
83 74
23 52
23 53
23 54
23 55
23 56
23 57
23 58
38 87
23 59
23 60
23 61
23 62
23 63
23 64
23 65
24 65
25 65
83 73
26 65
27 65
28 65
29 65
30 65
31 65
32 65
83 72
39 87
83 71
83 70
33 65
34 65
35 65
83 69
36 65
83 68
37 65
38 65
83 67
40 87
39 65
83 66
83 65
40 65
41 65
42 65
43 65
44 65
83 64
45 65
46 65
47 65
48 65
49 65
50 65
83 63
41 87
83 62
83 61
51 65
83 60
83 59
52 65
53 65
42 87
83 58
54 65
55 65
56 65
57 65
58 65
59 65
60 65
61 65
83 57
83 56
62 65
63 65
64 65
65 65
83 55
66 65
83 54
66 64
66 63
66 62
66 61
66 60
66 59
66 58
83 53
66 57
66 56
66 55
66 54
66 53
43 87
66 52
44 87
66 51
66 50
66 49
66 48
66 47
66 46
83 52
66 45
66 44
66 43
83 51
83 50
66 42
66 41
66 40
83 49
66 39
83 48
66 38
66 37
66 36
66 35
66 34
66 33
66 32
66 31
66 30
83 47
66 29
66 28
66 27
66 26
66 25
66 24
66 23
66 22
65 22
64 22
63 22
83 46
62 22
83 45
61 22
60 22
59 22
83 44
58 22
83 43
83 42
83 41
57 22
56 22
83 40
83 39
55 22
54 22
53 22
52 22
45 87
51 22
50 22
49 22
83 38
48 22
47 22
83 37
46 87
83 36
46 22
83 35
45 22
44 22
43 22
42 22
41 22
40 22
39 22
83 34
38 22
37 22
36 22
35 22
34 22
33 22
32 22
83 33
31 22
30 22
29 22
28 22
27 22
26 22
83 32
25 22
24 22
23 22
83 31
83 30
22 22
22 23
22 24
83 29
22 25
22 26
22 27
22 28
83 28
83 27
83 26
22 29
22 30
22 31
83 25
47 87
83 24
83 23
22 32
22 33
22 34
22 35
22 36
83 22
22 37
22 38
22 39
22 40
83 21
22 41
22 42
83 20
22 43
22 44
83 19
22 45
83 18
22 46
22 47
83 17
22 48
22 49
22 50
22 51
22 52
83 16
22 53
83 15
22 54
22 55
22 56
22 57
22 58
22 59
83 14
22 60
22 61
83 13
83 12
22 62
22 63
22 64
83 11
22 65
22 66
23 66
83 10
83 9
24 66
83 8
25 66
26 66
27 66
28 66
83 7
29 66
30 66
31 66
83 6
83 5
32 66
82 5
81 5
48 87
80 5
33 66
34 66
79 5
35 66
36 66
37 66
38 66
39 66
40 66
41 66
42 66
43 66
44 66
45 66
46 66
47 66
48 66
49 66
50 66
78 5
51 66
52 66
77 5
53 66
76 5
54 66
75 5
74 5
73 5
55 66
56 66
57 66
72 5
58 66
71 5
59 66
60 66
61 66
70 5
69 5
68 5
62 66
63 66
64 66
67 5
65 66
66 66
67 66
67 65
66 5
67 64
65 5
64 5
63 5
67 63
67 62
62 5
61 5
60 5
59 5
67 61
67 60
67 59
67 58
67 57
58 5
67 56
67 55
0 21
67 54
67 53
67 52
57 5
56 5
67 51
67 50
67 49
55 5
67 48
67 47
54 5
53 5
67 46
49 87
52 5
51 5
50 5
49 5
67 45
67 44
67 43
67 42
48 5
50 87
67 41
67 40
67 39
67 38
67 37
67 36
67 35
67 34
67 33
67 32
47 5
67 31
46 5
45 5
67 30
67 29
44 5
67 28
67 27
67 26
67 25
67 24
67 23
43 5
67 22
67 21
42 5
66 21
41 5
65 21
40 5
39 5
64 21
38 5
63 21
62 21
61 21
60 21
59 21
37 5
58 21
57 21
51 87
56 21
55 21
54 21
53 21
52 21
36 5
51 21
35 5
50 21
49 21
34 5
48 21
33 5
47 21
52 87
46 21
45 21
44 21
43 21
32 5
31 5
42 21
41 21
40 21
39 21
38 21
37 21
36 21
35 21
30 5
34 21
29 5
33 21
28 5
32 21
31 21
27 5
30 21
26 5
29 21
28 21
27 21
25 5
26 21
24 5
23 5
22 5
25 21
21 5
24 21
53 87
23 21
22 21
21 21
20 5
21 22
21 23
21 24
21 25
19 5
21 26
21 27
21 28
21 29
21 30
21 31
21 32
18 5
21 33
21 34
21 35
17 5
21 36
21 37
54 87
21 38
21 39
21 40
21 41
21 42
21 43
55 87
21 44
16 5
15 5
21 45
21 46
14 5
21 47
21 48
21 49
21 50
21 51
21 52
13 5
21 53
21 54
21 55
21 56
21 57
21 58
21 59
12 5
21 60
21 61
21 62
21 63
21 64
11 5
10 5
9 5
21 65
21 66
21 67
22 67
8 5
7 5
56 87
23 67
24 67
6 5
5 5
25 67
26 67
27 67
28 67
5 6
5 7
29 67
30 67
31 67
32 67
33 67
34 67
5 8
35 67
36 67
5 9
57 87
37 67
38 67
39 67
40 67
41 67
42 67
43 67
5 10
44 67
5 11
45 67
58 87
46 67
47 67
59 87
5 12
48 67
49 67
50 67
51 67
52 67
5 13
5 14
53 67
60 87
5 15
5 16
54 67
5 17
5 18
5 19
55 67
5 20
56 67
61 87
5 21
57 67
58 67
59 67
60 67
5 22
61 67
62 67
63 67
64 67
5 23
65 67
66 67
5 24
67 67
68 67
5 25
68 66
5 26
5 27
68 65
68 64
68 63
5 28
68 62
5 29
5 30
5 31
68 61
68 60
68 59
5 32
5 33
68 58
68 57
5 34
5 35
68 56
68 55
5 36
68 54
5 37
68 53
68 52
68 51
5 38
68 50
68 49
5 39
68 48
5 40
68 47
62 87
68 46
5 41
68 45
68 44
5 42
68 43
68 42
68 41
63 87
64 87
5 43
68 40
5 44
68 39
68 38
68 37
5 45
5 46
68 36
5 47
68 35
68 34
68 33
68 32
68 31
5 48
5 49
68 30
68 29
68 28
68 27
68 26
68 25
68 24
68 23
68 22
68 21
5 50
68 20
5 51
5 52
67 20
66 20
65 20
5 53
64 20
63 20
5 54
5 55
62 20
5 56
61 20
5 57
5 58
5 59
60 20
5 60
65 87
59 20
58 20
57 20
5 61
56 20
5 62
5 63
55 20
54 20
5 64
53 20
52 20
51 20
66 87
50 20
5 65
49 20
48 20
47 20
46 20
45 20
5 66
67 87
5 67
44 20
43 20
42 20
5 68
5 69
41 20
5 70
40 20
5 71
39 20
38 20
5 72
37 20
36 20
5 73
35 20
34 20
33 20
32 20
5 74
5 75
5 76
31 20
5 77
5 78
30 20
29 20
28 20
27 20
5 79
26 20
5 80
5 81
25 20
24 20
23 20
5 82
22 20
21 20
20 20
5 83
20 21
6 83
20 22
20 23
7 83
20 24
68 87
8 83
20 25
20 26
20 27
20 28
9 83
20 29
20 30
20 31
20 32
20 33
20 34
20 35
20 36
20 37
10 83
11 83
20 38
12 83
20 39
20 40
20 41
20 42
20 43
20 44
20 45
13 83
20 46
69 87
14 83
20 47
20 48
20 49
20 50
20 51
20 52
20 53
15 83
20 54
20 55
20 56
20 57
70 87
20 58
16 83
20 59
20 60
20 61
17 83
71 87
20 62
20 63
20 64
20 65
18 83
20 66
20 67
20 68
21 68
22 68
23 68
19 83
72 87
20 83
24 68
25 68
26 68
27 68
28 68
29 68
30 68
21 83
31 68
32 68
33 68
22 83
73 87
23 83
34 68
74 87
35 68
24 83
25 83
36 68
37 68
38 68
26 83
39 68
40 68
41 68
42 68
75 87
27 83
28 83
43 68
44 68
76 87
29 83
45 68
30 83
46 68
47 68
48 68
31 83
49 68
50 68
32 83
51 68
52 68
53 68
54 68
55 68
33 83
56 68
57 68
58 68
59 68
60 68
34 83
35 83
36 83
61 68
37 83
38 83
62 68
63 68
64 68
0 40
65 68
39 83
66 68
40 83
67 68
68 68
41 83
69 68
69 67
69 66
69 65
69 64
69 63
69 62
69 61
69 60
69 59
69 58
69 57
69 56
69 55
42 83
69 54
69 53
69 52
43 83
44 83
69 51
69 50
45 83
69 49
69 48
69 47
77 87
69 46
46 83
47 83
69 45
48 83
69 44
49 83
69 43
50 83
51 83
69 42
69 41
69 40
52 83
78 87
69 39
69 38
69 37
53 83
69 36
69 35
69 34
69 33
54 83
55 83
56 83
57 83
69 32
69 31
58 83
69 30
69 29
59 83
69 28
79 87
60 83
69 27
69 26
69 25
69 24
61 83
69 23
0 22
69 22
69 21
69 20
62 83
69 19
63 83
68 19
64 83
67 19
65 83
66 83
66 19
65 19
64 19
63 19
62 19
61 19
60 19
59 19
58 19
57 19
67 83
56 19
55 19
54 19
53 19
52 19
51 19
50 19
68 83
49 19
69 83
48 19
47 19
80 87
46 19
81 87
45 19
44 19
70 83
43 19
42 19
41 19
40 19
71 83
39 19
38 19
72 83
37 19
36 19
73 83
35 19
34 19
33 19
32 19
31 19
0 23
30 19
74 83
29 19
28 19
75 83
27 19
26 19
25 19
24 19
23 19
22 19
21 19
20 19
82 87
19 19
19 20
19 21
76 83
19 22
19 23
19 24
19 25
19 26
83 87
19 27
19 28
84 87
19 29
19 30
77 83
19 31
19 32
85 87
78 83
86 87
19 33
19 34
79 83
19 35
80 83
19 36
19 37
19 38
19 39
19 40
19 41
19 42
19 43
19 44
87 87
19 45
81 83
82 83
19 46
83 83
84 83
19 47
19 48
19 49
84 82
19 50
84 81
84 80
19 51
84 79
19 52
84 78
19 53
84 77
88 87
84 76
19 54
84 75
84 74
19 55
19 56
88 86
19 57
84 73
19 58
19 59
84 72
84 71
19 60
84 70
19 61
19 62
19 63
19 64
19 65
19 66
19 67
84 69
19 68
84 68
88 85
19 69
88 84
20 69
21 69
84 67
84 66
22 69
23 69
84 65
84 64
24 69
25 69
84 63
26 69
84 62
84 61
27 69
84 60
28 69
29 69
84 59
84 58
84 57
30 69
31 69
32 69
33 69
34 69
35 69
84 56
36 69
37 69
38 69
39 69
40 69
41 69
42 69
84 55
43 69
84 54
44 69
45 69
84 53
46 69
84 52
84 51
47 69
48 69
49 69
50 69
88 83
51 69
52 69
53 69
84 50
88 82
54 69
84 49
55 69
56 69
57 69
58 69
59 69
84 48
88 81
60 69
61 69
84 47
62 69
63 69
64 69
65 69
66 69
84 46
67 69
68 69
69 69
88 80
84 45
70 69
70 68
70 67
84 44
84 43
70 66
84 42
88 79
84 41
70 65
70 64
70 63
70 62
84 40
84 39
70 61
70 60
84 38
84 37
70 59
70 58
84 36
84 35
70 57
84 34
84 33
70 56
70 55
70 54
70 53
70 52
84 32
70 51
70 50
70 49
84 31
84 30
84 29
70 48
84 28
84 27
70 47
84 26
70 46
84 25
70 45
70 44
70 43
70 42
70 41
70 40
70 39
70 38
70 37
70 36
84 24
84 23
70 35
70 34
88 78
84 22
70 33
70 32
84 21
70 31
70 30
70 29
70 28
70 27
70 26
84 20
70 25
70 24
70 23
70 22
70 21
70 20
70 19
88 77
70 18
69 18
68 18
67 18
66 18
84 19
84 18
84 17
65 18
84 16
64 18
63 18
62 18
61 18
84 15
60 18
59 18
84 14
58 18
57 18
56 18
84 13
55 18
84 12
88 76
54 18
84 11
53 18
52 18
84 10
84 9
51 18
84 8
50 18
88 75
49 18
84 7
48 18
84 6
47 18
46 18
84 5
84 4
45 18
83 4
44 18
43 18
42 18
82 4
41 18
81 4
40 18
39 18
38 18
37 18
80 4
36 18
35 18
88 74
34 18
79 4
78 4
77 4
33 18
76 4
32 18
31 18
30 18
75 4
29 18
74 4
28 18
88 73
73 4
27 18
88 72
72 4
26 18
71 4
25 18
70 4
24 18
23 18
69 4
22 18
21 18
88 71
20 18
19 18
18 18
18 19
18 20
18 21
18 22
18 23
18 24
18 25
18 26
18 27
18 28
18 29
18 30
18 31
18 32
18 33
18 34
18 35
18 36
18 37
68 4
18 38
67 4
66 4
18 39
18 40
65 4
64 4
18 41
18 42
18 43
63 4
18 44
18 45
18 46
18 47
18 48
18 49
18 50
62 4
18 51
18 52
18 53
18 54
18 55
18 56
18 57
18 58
18 59
61 4
18 60
88 70
18 61
18 62
18 63
18 64
18 65
18 66
18 67
18 68
18 69
60 4
18 70
19 70
59 4
20 70
21 70
22 70
23 70
58 4
57 4
24 70
56 4
55 4
54 4
25 70
26 70
27 70
28 70
29 70
30 70
31 70
32 70
33 70
34 70
88 69
53 4
35 70
52 4
36 70
51 4
37 70
38 70
39 70
88 68
50 4
49 4
40 70
41 70
42 70
48 4
88 67
43 70
44 70
45 70
47 4
46 4
46 70
45 4
44 4
47 70
48 70
49 70
50 70
51 70
52 70
53 70
54 70
55 70
43 4
56 70
42 4
41 4
57 70
58 70
59 70
60 70
61 70
40 4
62 70
39 4
38 4
63 70
37 4
36 4
64 70
65 70
66 70
67 70
35 4
68 70
88 66
69 70
70 70
71 70
71 69
71 68
71 67
71 66
71 65
71 64
71 63
34 4
71 62
71 61
33 4
88 65
32 4
31 4
71 60
71 59
30 4
29 4
28 4
71 58
27 4
71 57
71 56
71 55
71 54
71 53
71 52
71 51
26 4
71 50
71 49
25 4
71 48
71 47
88 64
24 4
71 46
23 4
71 45
71 44
71 43
71 42
22 4
71 41
21 4
71 40
88 63
71 39
71 38
71 37
71 36
20 4
71 35
19 4
71 34
18 4
71 33
17 4
71 32
71 31
71 30
16 4
71 29
71 28
71 27
71 26
71 25
15 4
14 4
71 24
71 23
71 22
13 4
12 4
11 4
71 21
10 4
9 4
8 4
71 20
71 19
71 18
71 17
7 4
70 17
69 17
68 17
6 4
67 17
66 17
65 17
64 17
5 4
63 17
62 17
61 17
60 17
59 17
58 17
57 17
4 4
56 17
4 5
55 17
54 17
4 6
4 7
4 8
53 17
52 17
51 17
50 17
49 17
48 17
4 9
47 17
46 17
45 17
4 10
44 17
43 17
42 17
88 62
41 17
40 17
4 11
39 17
4 12
38 17
4 13
37 17
36 17
35 17
4 14
34 17
33 17
4 15
32 17
4 16
31 17
30 17
29 17
28 17
27 17
4 17
26 17
25 17
24 17
4 18
23 17
22 17
21 17
20 17
19 17
18 17
17 17
17 18
17 19
17 20
4 19
17 21
17 22
17 23
4 20
4 21
4 22
17 24
17 25
4 23
4 24
17 26
17 27
17 28
4 25
4 26
4 27
17 29
17 30
17 31
17 32
17 33
17 34
4 28
17 35
17 36
17 37
4 29
17 38
17 39
4 30
17 40
4 31
4 32
17 41
4 33
17 42
17 43
17 44
17 45
17 46
4 34
17 47
17 48
17 49
4 35
17 50
17 51
4 36
17 52
17 53
17 54
88 61
4 37
17 55
17 56
17 57
17 58
17 59
4 38
4 39
17 60
17 61
4 40
17 62
4 41
17 63
17 64
17 65
4 42
17 66
17 67
17 68
17 69
4 43
17 70
17 71
4 44
18 71
4 45
19 71
20 71
4 46
21 71
4 47
4 48
22 71
23 71
4 49
24 71
25 71
4 50
4 51
26 71
4 52
27 71
28 71
29 71
30 71
4 53
31 71
32 71
33 71
34 71
88 60
35 71
4 54
36 71
37 71
38 71
39 71
40 71
41 71
42 71
43 71
44 71
45 71
46 71
4 55
88 59
4 56
47 71
4 57
4 58
48 71
49 71
50 71
51 71
52 71
53 71
54 71
55 71
56 71
4 59
4 60
57 71
4 61
58 71
4 62
4 63
59 71
60 71
88 58
61 71
62 71
63 71
64 71
65 71
66 71
67 71
68 71
69 71
4 64
88 57
70 71
71 71
72 71
72 70
4 65
4 66
4 67
4 68
72 69
4 69
72 68
72 67
72 66
72 65
4 70
4 71
72 64
72 63
72 62
72 61
4 72
72 60
72 59
72 58
4 73
72 57
4 74
72 56
4 75
88 56
72 55
4 76
4 77
4 78
72 54
72 53
72 52
72 51
72 50
72 49
4 79
72 48
72 47
72 46
72 45
72 44
72 43
4 80
72 42
72 41
88 55
4 81
72 40
72 39
72 38
72 37
72 36
72 35
72 34
72 33
4 82
72 32
72 31
4 83
72 30
72 29
72 28
72 27
72 26
72 25
72 24
72 23
72 22
72 21
72 20
72 19
72 18
72 17
72 16
71 16
70 16
69 16
68 16
4 84
5 84
67 16
6 84
7 84
66 16
8 84
65 16
9 84
64 16
63 16
62 16
61 16
60 16
10 84
59 16
58 16
57 16
56 16
11 84
12 84
55 16
54 16
13 84
53 16
14 84
15 84
16 84
52 16
51 16
50 16
49 16
48 16
47 16
46 16
45 16
17 84
44 16
43 16
42 16
41 16
88 54
40 16
39 16
38 16
18 84
19 84
20 84
37 16
36 16
35 16
21 84
34 16
33 16
88 53
22 84
32 16
31 16
23 84
24 84
25 84
30 16
29 16
26 84
28 16
27 84
28 84
27 16
29 84
26 16
30 84
25 16
24 16
23 16
22 16
21 16
20 16
19 16
18 16
31 84
32 84
17 16
16 16
16 17
16 18
16 19
16 20
16 21
16 22
16 23
16 24
16 25
16 26
16 27
33 84
16 28
16 29
16 30
34 84
16 31
16 32
35 84
16 33
16 34
16 35
88 52
36 84
16 36
16 37
37 84
16 38
16 39
16 40
16 41
16 42
16 43
16 44
16 45
88 51
16 46
88 50
38 84
16 47
16 48
16 49
16 50
16 51
16 52
39 84
40 84
16 53
16 54
88 49
41 84
16 55
88 48
42 84
43 84
16 56
16 57
16 58
44 84
16 59
16 60
45 84
46 84
47 84
16 61
16 62
16 63
16 64
16 65
16 66
48 84
16 67
16 68
49 84
16 69
88 47
16 70
16 71
16 72
17 72
18 72
50 84
19 72
20 72
51 84
52 84
53 84
21 72
54 84
22 72
23 72
24 72
55 84
25 72
56 84
26 72
57 84
58 84
27 72
28 72
29 72
30 72
31 72
59 84
32 72
60 84
61 84
33 72
34 72
35 72
62 84
36 72
37 72
63 84
38 72
39 72
64 84
40 72
41 72
42 72
43 72
65 84
44 72
45 72
46 72
47 72
48 72
49 72
50 72
51 72
66 84
67 84
68 84
69 84
52 72
53 72
54 72
55 72
56 72
57 72
58 72
59 72
70 84
71 84
60 72
61 72
62 72
63 72
64 72
72 84
65 72
66 72
67 72
68 72
69 72
73 84
74 84
70 72
71 72
75 84
88 46
72 72
73 72
76 84
73 71
73 70
73 69
77 84
73 68
73 67
78 84
73 66
73 65
73 64
79 84
88 45
80 84
81 84
73 63
73 62
73 61
73 60
73 59
88 44
82 84
73 58
73 57
73 56
73 55
73 54
73 53
83 84
84 84
73 52
73 51
73 50
73 49
73 48
73 47
73 46
85 84
88 43
73 45
85 83
73 44
73 43
88 42
73 42
85 82
85 81
85 80
73 41
85 79
73 40
73 39
73 38
85 78
88 41
73 37
73 36
85 77
85 76
73 35
73 34
0 24
73 33
73 32
85 75
73 31
73 30
73 29
85 74
85 73
73 28
73 27
73 26
73 25
73 24
73 23
85 72
85 71
73 22
73 21
88 40
85 70
85 69
73 20
73 19
85 68
85 67
73 18
85 66
73 17
85 65
88 39
85 64
85 63
88 38
85 62
73 16
88 37
73 15
72 15
71 15
85 61
70 15
85 60
69 15
68 15
67 15
66 15
65 15
64 15
85 59
85 58
85 57
85 56
85 55
85 54
85 53
63 15
85 52
62 15
85 51
85 50
61 15
85 49
85 48
60 15
59 15
85 47
85 46
85 45
85 44
58 15
85 43
57 15
56 15
55 15
88 36
85 42
85 41
54 15
88 35
53 15
52 15
51 15
50 15
49 15
48 15
47 15
46 15
45 15
44 15
85 40
43 15
42 15
85 39
41 15
40 15
39 15
38 15
88 34
37 15
85 38
85 37
36 15
35 15
34 15
33 15
85 36
88 33
85 35
32 15
31 15
30 15
29 15
28 15
27 15
26 15
85 34
25 15
24 15
23 15
22 15
21 15
85 33
20 15
19 15
18 15
17 15
16 15
15 15
15 16
85 32
15 17
88 32
15 18
15 19
15 20
85 31
88 31
15 21
15 22
85 30
15 23
15 24
15 25
15 26
15 27
15 28
15 29
15 30
15 31
85 29
85 28
15 32
15 33
15 34
15 35
88 30
88 29
15 36
15 37
15 38
88 28
15 39
15 40
15 41
15 42
15 43
15 44
15 45
85 27
15 46
15 47
15 48
85 26
15 49
15 50
15 51
15 52
88 27
15 53
15 54
15 55
15 56
85 25
15 57
15 58
85 24
85 23
15 59
88 26
15 60
85 22
85 21
15 61
15 62
85 20
15 63
15 64
85 19
85 18
15 65
85 17
15 66
15 67
15 68
15 69
88 25
15 70
15 71
85 16
15 72
15 73
16 73
85 15
17 73
85 14
85 13
18 73
19 73
85 12
20 73
21 73
85 11
22 73
23 73
24 73
85 10
85 9
85 8
25 73
26 73
27 73
85 7
85 6
85 5
85 4
85 3
84 3
28 73
83 3
29 73
30 73
88 24
31 73
32 73
33 73
34 73
35 73
36 73
82 3
37 73
38 73
81 3
88 23
39 73
40 73
41 73
80 3
42 73
43 73
44 73
45 73
79 3
46 73
78 3
47 73
48 73
49 73
50 73
77 3
51 73
76 3
52 73
53 73
54 73
55 73
75 3
56 73
57 73
58 73
59 73
60 73
74 3
73 3
61 73
62 73
72 3
63 73
64 73
65 73
66 73
67 73
68 73
71 3
69 73
70 73
70 3
71 73
72 73
73 73
74 73
0 25
74 72
74 71
74 70
69 3
74 69
74 68
74 67
74 66
74 65
88 22
74 64
74 63
74 62
74 61
74 60
88 21
74 59
74 58
68 3
74 57
74 56
74 55
67 3
74 54
74 53
74 52
74 51
74 50
74 49
74 48
74 47
0 26
74 46
74 45
66 3
74 44
74 43
74 42
74 41
65 3
64 3
74 40
74 39
74 38
74 37
74 36
74 35
74 34
74 33
63 3
74 32
62 3
74 31
74 30
61 3
74 29
74 28
60 3
74 27
74 26
59 3
74 25
74 24
58 3
74 23
74 22
74 21
74 20
57 3
74 19
74 18
56 3
74 17
74 16
55 3
74 15
74 14
73 14
88 20
54 3
72 14
53 3
71 14
70 14
69 14
68 14
67 14
66 14
52 3
65 14
64 14
51 3
63 14
62 14
50 3
61 14
60 14
59 14
88 19
49 3
58 14
57 14
48 3
56 14
88 18
47 3
55 14
54 14
53 14
52 14
51 14
50 14
49 14
48 14
47 14
46 3
46 14
45 14
44 14
43 14
42 14
41 14
45 3
88 17
40 14
39 14
38 14
37 14
36 14
44 3
43 3
42 3
35 14
41 3
34 14
33 14
32 14
31 14
30 14
29 14
28 14
27 14
26 14
25 14
40 3
39 3
24 14
23 14
22 14
21 14
38 3
37 3
36 3
20 14
19 14
18 14
88 16
17 14
16 14
15 14
14 14
14 15
14 16
14 17
35 3
34 3
14 18
33 3
32 3
14 19
14 20
14 21
14 22
14 23
14 24
14 25
14 26
31 3
88 15
14 27
14 28
14 29
14 30
30 3
14 31
14 32
14 33
14 34
14 35
29 3
14 36
14 37
14 38
14 39
28 3
27 3
14 40
26 3
25 3
24 3
14 41
14 42
14 43
23 3
22 3
21 3
14 44
14 45
20 3
14 46
19 3
18 3
14 47
14 48
88 14
14 49
17 3
16 3
88 13
14 50
15 3
14 51
14 52
0 27
14 53
14 54
14 3
88 12
14 55
13 3
14 56
14 57
88 11
14 58
14 59
14 60
12 3
14 61
14 62
14 63
11 3
14 64
14 65
10 3
9 3
8 3
14 66
7 3
14 67
14 68
14 69
14 70
14 71
14 72
6 3
14 73
5 3
14 74
15 74
4 3
16 74
17 74
3 3
18 74
19 74
20 74
3 4
3 5
21 74
22 74
3 6
23 74
24 74
3 7
3 8
25 74
3 9
3 10
26 74
3 11
27 74
28 74
29 74
30 74
3 12
31 74
3 13
32 74
33 74
34 74
35 74
88 10
36 74
37 74
38 74
39 74
40 74
3 14
41 74
42 74
43 74
3 15
44 74
88 9
3 16
45 74
46 74
47 74
48 74
49 74
50 74
3 17
51 74
52 74
3 18
3 19
53 74
54 74
55 74
56 74
57 74
3 20
3 21
58 74
88 8
59 74
60 74
3 22
3 23
61 74
62 74
88 7
63 74
3 24
64 74
3 25
3 26
65 74
66 74
67 74
68 74
3 27
69 74
70 74
3 28
88 6
71 74
3 29
3 30
72 74
3 31
73 74
74 74
88 5
3 32
75 74
75 73
75 72
3 33
75 71
3 34
75 70
75 69
88 4
75 68
75 67
75 66
75 65
75 64
75 63
3 35
3 36
75 62
75 61
75 60
3 37
3 38
3 39
3 40
75 59
75 58
75 57
75 56
75 55
75 54
3 41
75 53
88 3
75 52
3 42
75 51
75 50
75 49
75 48
3 43
75 47
75 46
75 45
75 44
75 43
75 42
75 41
75 40
75 39
3 44
3 45
3 46
88 2
3 47
75 38
75 37
75 36
75 35
3 48
75 34
75 33
75 32
75 31
3 49
75 30
3 50
75 29
3 51
75 28
88 1
3 52
75 27
88 0
75 26
87 0
3 53
75 25
75 24
75 23
3 54
3 55
75 22
75 21
75 20
75 19
75 18
75 17
75 16
75 15
75 14
75 13
74 13
3 56
73 13
72 13
3 57
71 13
70 13
69 13
68 13
67 13
3 58
66 13
3 59
3 60
65 13
64 13
63 13
3 61
3 62
3 63
3 64
3 65
62 13
61 13
60 13
59 13
58 13
57 13
56 13
55 13
54 13
3 66
53 13
52 13
3 67
51 13
3 68
3 69
50 13
49 13
3 70
3 71
3 72
3 73
86 0
48 13
47 13
46 13
45 13
0 28
3 74
44 13
3 75
3 76
3 77
43 13
42 13
41 13
85 0
40 13
84 0
39 13
38 13
3 78
3 79
37 13
36 13
35 13
3 80
34 13
33 13
32 13
83 0
31 13
3 81
30 13
29 13
28 13
27 13
26 13
25 13
3 82
3 83
24 13
23 13
3 84
22 13
21 13
20 13
19 13
18 13
17 13
16 13
15 13
14 13
3 85
4 85
13 13
13 14
5 85
13 15
13 16
13 17
13 18
6 85
7 85
13 19
13 20
13 21
8 85
13 22
13 23
9 85
13 24
13 25
13 26
13 27
13 28
13 29
13 30
13 31
13 32
10 85
13 33
13 34
13 35
13 36
11 85
12 85
13 85
13 37
13 38
13 39
14 85
13 40
13 41
15 85
13 42
13 43
13 44
16 85
13 45
13 46
13 47
82 0
17 85
13 48
81 0
13 49
13 50
18 85
19 85
20 85
13 51
21 85
13 52
13 53
13 54
13 55
22 85
23 85
13 56
24 85
13 57
13 58
25 85
13 59
26 85
80 0
13 60
27 85
13 61
13 62
13 63
28 85
13 64
29 85
13 65
30 85
31 85
13 66
13 67
13 68
13 69
13 70
32 85
79 0
13 71
78 0
33 85
13 72
13 73
13 74
34 85
13 75
35 85
36 85
37 85
38 85
39 85
14 75
15 75
40 85
16 75
41 85
17 75
18 75
19 75
20 75
21 75
22 75
23 75
24 75
42 85
25 75
43 85
77 0
26 75
27 75
44 85
45 85
46 85
28 75
29 75
30 75
76 0
31 75
32 75
33 75
47 85
34 75
35 75
36 75
37 75
38 75
39 75
40 75
75 0
41 75
42 75
43 75
44 75
48 85
45 75
46 75
49 85
50 85
74 0
47 75
48 75
49 75
73 0
50 75
51 75
52 75
51 85
52 85
53 75
54 75
53 85
55 75
72 0
54 85
56 75
57 75
58 75
59 75
55 85
60 75
61 75
62 75
63 75
56 85
64 75
65 75
66 75
67 75
57 85
68 75
58 85
71 0
69 75
70 75
71 75
72 75
59 85
60 85
73 75
61 85
74 75
75 75
76 75
76 74
76 73
76 72
76 71
62 85
76 70
63 85
64 85
65 85
66 85
76 69
76 68
76 67
67 85
76 66
68 85
76 65
69 85
76 64
76 63
76 62
70 0
70 85
76 61
71 85
72 85
76 60
73 85
74 85
76 59
76 58
76 57
75 85
76 56
76 85
76 55
77 85
69 0
76 54
78 85
79 85
76 53
80 85
81 85
82 85
83 85
84 85
85 85
76 52
76 51
76 50
76 49
76 48
76 47
76 46
76 45
76 44
76 43
76 42
76 41
86 85
76 40
76 39
68 0
76 38
76 37
76 36
86 84
76 35
76 34
76 33
76 32
76 31
67 0
76 30
76 29
86 83
76 28
76 27
66 0
76 26
76 25
76 24
76 23
76 22
76 21
65 0
76 20
76 19
76 18
86 82
86 81
86 80
76 17
76 16
76 15
76 14
76 13
86 79
76 12
86 78
86 77
75 12
64 0
74 12
73 12
72 12
71 12
86 76
86 75
70 12
69 12
86 74
68 12
67 12
66 12
86 73
65 12
64 12
63 12
62 12
61 12
60 12
86 72
59 12
58 12
86 71
57 12
56 12
55 12
54 12
53 12
52 12
86 70
51 12
86 69
50 12
49 12
48 12
86 68
86 67
86 66
47 12
46 12
86 65
45 12
44 12
43 12
86 64
42 12
41 12
86 63
40 12
39 12
38 12
37 12
86 62
36 12
35 12
0 29
34 12
33 12
32 12
86 61
31 12
63 0
30 12
29 12
86 60
86 59
28 12
27 12
86 58
86 57
26 12
25 12
24 12
86 56
23 12
86 55
22 12
21 12
86 54
20 12
19 12
86 53
18 12
17 12
86 52
16 12
15 12
86 51
14 12
13 12
12 12
86 50
12 13
86 49
86 48
12 14
86 47
86 46
12 15
86 45
12 16
12 17
12 18
12 19
86 44
12 20
12 21
12 22
86 43
86 42
86 41
12 23
86 40
12 24
12 25
86 39
12 26
86 38
12 27
12 28
12 29
12 30
86 37
12 31
62 0
12 32
86 36
86 35
12 33
12 34
12 35
12 36
12 37
12 38
86 34
12 39
86 33
86 32
12 40
12 41
86 31
12 42
12 43
12 44
61 0
12 45
12 46
12 47
12 48
12 49
12 50
12 51
86 30
86 29
86 28
12 52
12 53
12 54
60 0
12 55
12 56
12 57
12 58
12 59
12 60
86 27
12 61
12 62
12 63
12 64
12 65
12 66
12 67
12 68
12 69
86 26
12 70
59 0
12 71
12 72
12 73
86 25
86 24
12 74
12 75
86 23
12 76
86 22
13 76
14 76
15 76
86 21
58 0
16 76
17 76
18 76
19 76
0 30
20 76
86 20
21 76
22 76
86 19
23 76
86 18
24 76
25 76
26 76
86 17
27 76
28 76
86 16
29 76
30 76
31 76
32 76
86 15
33 76
34 76
35 76
36 76
37 76
38 76
39 76
86 14
40 76
41 76
42 76
43 76
44 76
86 13
45 76
46 76
47 76
86 12
57 0
48 76
49 76
50 76
51 76
86 11
52 76
53 76
54 76
55 76
56 76
86 10
57 76
86 9
58 76
86 8
59 76
60 76
61 76
62 76
63 76
86 7
86 6
56 0
64 76
86 5
86 4
86 3
86 2
65 76
66 76
85 2
84 2
67 76
68 76
83 2
69 76
82 2
70 76
81 2
80 2
71 76
72 76
79 2
73 76
78 2
77 2
74 76
55 0
75 76
76 76
77 76
77 75
77 74
77 73
77 72
77 71
77 70
77 69
77 68
77 67
77 66
77 65
77 64
77 63
77 62
76 2
77 61
75 2
77 60
77 59
74 2
77 58
77 57
77 56
77 55
77 54
77 53
77 52
77 51
77 50
77 49
77 48
73 2
77 47
77 46
72 2
77 45
77 44
71 2
77 43
77 42
70 2
77 41
77 40
69 2
77 39
77 38
77 37
77 36
77 35
77 34
68 2
77 33
77 32
77 31
77 30
67 2
77 29
77 28
77 27
77 26
77 25
77 24
77 23
77 22
77 21
77 20
66 2
77 19
54 0
77 18
53 0
65 2
77 17
77 16
77 15
77 14
64 2
77 13
63 2
77 12
77 11
76 11
75 11
74 11
52 0
73 11
62 2
61 2
51 0
72 11
71 11
70 11
69 11
68 11
67 11
60 2
66 11
65 11
64 11
59 2
63 11
62 11
61 11
60 11
50 0
59 11
58 2
58 11
57 11
57 2
56 11
55 11
54 11
53 11
56 2
52 11
51 11
55 2
50 11
54 2
49 11
48 11
53 2
47 11
46 11
45 11
44 11
43 11
49 0
42 11
41 11
48 0
40 11
39 11
38 11
52 2
51 2
37 11
50 2
36 11
49 2
35 11
34 11
48 2
33 11
47 2
46 2
47 0
32 11
31 11
30 11
29 11
45 2
28 11
44 2
0 31
43 2
42 2
27 11
26 11
25 11
41 2
24 11
23 11
40 2
22 11
21 11
39 2
20 11
19 11
18 11
17 11
38 2
16 11
15 11
14 11
13 11
37 2
36 2
12 11
11 11
11 12
46 0
35 2
34 2
11 13
11 14
11 15
11 16
11 17
11 18
11 19
11 20
11 21
45 0
11 22
33 2
11 23
11 24
11 25
11 26
44 0
11 27
32 2
11 28
11 29
31 2
11 30
30 2
11 31
29 2
28 2
11 32
27 2
26 2
25 2
24 2
11 33
11 34
23 2
11 35
11 36
11 37
11 38
11 39
22 2
21 2
11 40
11 41
11 42
20 2
11 43
11 44
19 2
11 45
18 2
11 46
11 47
11 48
11 49
11 50
11 51
11 52
11 53
11 54
11 55
11 56
17 2
16 2
11 57
11 58
11 59
11 60
11 61
11 62
11 63
11 64
11 65
11 66
15 2
11 67
14 2
13 2
12 2
11 68
11 2
10 2
9 2
11 69
11 70
8 2
7 2
11 71
6 2
11 72
43 0
11 73
11 74
5 2
42 0
11 75
4 2
11 76
11 77
3 2
2 2
12 77
13 77
14 77
15 77
16 77
17 77
18 77
19 77
20 77
2 3
2 4
2 5
2 6
21 77
41 0
40 0
22 77
2 7
23 77
24 77
25 77
2 8
26 77
2 9
2 10
27 77
28 77
29 77
30 77
31 77
32 77
2 11
2 12
2 13
33 77
2 14
2 15
34 77
35 77
36 77
2 16
37 77
2 17
38 77
39 77
40 77
2 18
41 77
42 77
43 77
44 77
45 77
46 77
47 77
48 77
49 77
2 19
39 0
2 20
50 77
2 21
51 77
52 77
53 77
2 22
2 23
54 77
55 77
56 77
57 77
58 77
2 24
38 0
2 25
59 77
2 26
60 77
61 77
62 77
2 27
63 77
64 77
65 77
66 77
2 28
67 77
68 77
2 29
2 30
69 77
2 31
2 32
2 33
70 77
71 77
72 77
73 77
74 77
75 77
76 77
77 77
2 34
78 77
78 76
2 35
78 75
2 36
2 37
78 74
78 73
78 72
2 38
78 71
2 39
2 40
2 41
78 70
78 69
2 42
78 68
37 0
2 43
2 44
78 67
78 66
78 65
2 45
2 46
78 64
78 63
78 62
2 47
78 61
78 60
78 59
2 48
78 58
78 57
78 56
78 55
78 54
2 49
2 50
78 53
78 52
2 51
78 51
2 52
78 50
78 49
36 0
2 53
78 48
35 0
78 47
78 46
78 45
2 54
78 44
2 55
2 56
2 57
78 43
78 42
2 58
2 59
2 60
78 41
78 40
78 39
78 38
78 37
78 36
2 61
78 35
78 34
2 62
78 33
78 32
2 63
2 64
78 31
78 30
78 29
2 65
2 66
78 28
78 27
78 26
2 67
2 68
78 25
78 24
78 23
78 22
78 21
78 20
78 19
78 18
78 17
78 16
78 15
78 14
34 0
33 0
2 69
2 70
78 13
2 71
78 12
78 11
78 10
77 10
76 10
75 10
2 72
74 10
73 10
72 10
71 10
2 73
70 10
69 10
68 10
67 10
2 74
32 0
2 75
66 10
65 10
64 10
63 10
62 10
2 76
2 77
61 10
2 78
60 10
59 10
58 10
31 0
2 79
2 80
2 81
2 82
57 10
56 10
55 10
30 0
2 83
54 10
53 10
52 10
51 10
2 84
2 85
50 10
49 10
48 10
2 86
47 10
46 10
45 10
44 10
43 10
0 32
3 86
4 86
5 86
42 10
41 10
40 10
39 10
38 10
37 10
36 10
6 86
35 10
34 10
33 10
32 10
7 86
8 86
31 10
9 86
30 10
29 10
28 10
10 86
27 10
26 10
11 86
25 10
12 86
13 86
24 10
23 10
22 10
21 10
29 0
20 10
19 10
14 86
18 10
17 10
16 10
15 10
15 86
14 10
13 10
12 10
11 10
10 10
10 11
10 12
10 13
16 86
10 14
10 15
17 86
10 16
18 86
10 17
19 86
10 18
20 86
10 19
21 86
10 20
10 21
22 86
10 22
10 23
10 24
10 25
10 26
23 86
24 86
10 27
10 28
25 86
28 0
26 86
27 86
10 29
10 30
10 31
28 86
10 32
10 33
10 34
29 86
10 35
10 36
10 37
10 38
27 0
10 39
30 86
10 40
10 41
10 42
10 43
31 86
10 44
10 45
26 0
32 86
33 86
34 86
10 46
10 47
35 86
36 86
10 48
37 86
10 49
38 86
10 50
39 86
10 51
10 52
10 53
40 86
10 54
10 55
41 86
10 56
10 57
10 58
10 59
10 60
42 86
10 61
10 62
25 0
10 63
43 86
44 86
10 64
10 65
45 86
10 66
46 86
10 67
47 86
10 68
10 69
10 70
48 86
49 86
10 71
50 86
51 86
10 72
10 73
10 74
10 75
10 76
10 77
52 86
10 78
53 86
11 78
54 86
12 78
13 78
55 86
14 78
15 78
24 0
16 78
17 78
18 78
19 78
20 78
21 78
56 86
22 78
57 86
23 78
58 86
24 78
59 86
60 86
61 86
25 78
62 86
63 86
64 86
65 86
66 86
67 86
26 78
23 0
27 78
22 0
28 78
29 78
30 78
68 86
31 78
32 78
33 78
34 78
69 86
35 78
70 86
71 86
72 86
73 86
36 78
37 78
74 86
38 78
21 0
39 78
40 78
41 78
42 78
43 78
44 78
45 78
46 78
0 33
47 78
48 78
49 78
75 86
50 78
76 86
77 86
51 78
52 78
53 78
54 78
55 78
78 86
56 78
57 78
79 86
58 78
59 78
60 78
61 78
80 86
62 78
63 78
81 86
64 78
65 78
66 78
67 78
20 0
82 86
83 86
68 78
69 78
84 86
85 86
70 78
86 86
71 78
72 78
73 78
19 0
74 78
75 78
87 86
18 0
76 78
77 78
78 78
79 78
79 77
79 76
79 75
87 85
79 74
79 73
87 84
87 83
79 72
79 71
87 82
79 70
79 69
87 81
79 68
87 80
79 67
87 79
79 66
79 65
79 64
79 63
79 62
79 61
79 60
87 78
79 59
79 58
79 57
87 77
79 56
87 76
79 55
79 54
87 75
79 53
79 52
87 74
17 0
79 51
79 50
79 49
79 48
87 73
87 72
79 47
87 71
79 46
79 45
0 34
79 44
87 70
79 43
79 42
79 41
79 40
79 39
87 69
79 38
79 37
87 68
87 67
16 0
79 36
79 35
79 34
79 33
79 32
79 31
79 30
79 29
79 28
79 27
79 26
79 25
79 24
15 0
79 23
79 22
79 21
79 20
79 19
79 18
79 17
79 16
79 15
87 66
79 14
79 13
79 12
79 11
79 10
79 9
14 0
78 9
77 9
76 9
87 65
87 64
87 63
75 9
74 9
73 9
72 9
71 9
70 9
69 9
68 9
67 9
87 62
66 9
65 9
87 61
64 9
63 9
62 9
61 9
60 9
13 0
59 9
87 60
58 9
57 9
87 59
87 58
56 9
87 57
87 56
55 9
54 9
87 55
53 9
52 9
51 9
50 9
49 9
48 9
87 54
87 53
87 52
47 9
87 51
46 9
45 9
44 9
43 9
42 9
87 50
41 9
40 9
39 9
87 49
87 48
87 47
38 9
37 9
36 9
35 9
34 9
87 46
33 9
87 45
32 9
87 44
31 9
30 9
29 9
28 9
12 0
27 9
87 43
26 9
25 9
87 42
24 9
87 41
87 40
11 0
87 39
10 0
23 9
22 9
21 9
9 0
20 9
19 9
18 9
17 9
87 38
16 9
15 9
87 37
8 0
87 36
14 9
87 35
13 9
12 9
11 9
87 34
10 9
87 33
87 32
87 31
9 9
9 10
87 30
9 11
87 29
87 28
9 12
87 27
9 13
9 14
9 15
9 16
87 26
87 25
9 17
9 18
9 19
9 20
9 21
9 22
9 23
9 24
9 25
87 24
9 26
87 23
9 27
9 28
9 29
9 30
9 31
9 32
87 22
9 33
9 34
87 21
9 35
9 36
9 37
9 38
9 39
9 40
9 41
9 42
7 0
9 43
6 0
9 44
87 20
9 45
9 46
9 47
9 48
9 49
0 35
9 50
9 51
87 19
87 18
9 52
9 53
9 54
87 17
9 55
9 56
9 57
9 58
9 59
9 60
9 61
87 16
87 15
9 62
9 63
9 64
9 65
5 0
9 66
87 14
87 13
9 67
9 68
4 0
9 69
3 0
2 0
9 70
9 71
9 72
9 73
9 74
87 12
87 11
9 75
9 76
9 77
9 78
9 79
10 79
87 10
11 79
12 79
13 79
87 9
14 79
87 8
87 7
87 6
87 5
15 79
16 79
17 79
18 79
87 4
19 79
20 79
21 79
87 3
22 79
23 79
24 79
25 79
26 79
27 79
28 79
87 2
87 1
86 1
29 79
85 1
84 1
30 79
83 1
82 1
31 79
32 79
33 79
34 79
35 79
1 0
36 79
81 1
37 79
38 79
80 1
39 79
79 1
40 79
41 79
42 79
43 79
44 79
45 79
46 79
0 0
47 79
78 1
48 79
77 1
49 79
50 79
51 79
0 1
52 79
53 79
54 79
55 79
56 79
57 79
76 1
58 79
59 79
60 79
61 79
75 1
62 79
74 1
63 79
64 79
65 79
66 79
67 79
0 2
73 1
68 79
72 1
0 3
71 1
70 1
69 79
70 79
71 79
69 1
68 1
72 79
73 79
74 79
75 79
76 79
77 79
78 79
79 79
67 1
66 1
80 79
0 36
80 78
80 77
80 76
80 75
65 1
80 74
80 73
64 1
63 1
62 1
80 72
61 1
80 71
80 70
60 1
59 1
80 69
80 68
58 1
57 1
80 67
56 1
80 66
55 1
80 65
80 64
80 63
80 62
80 61
80 60
54 1
80 59
80 58
80 57
80 56
0 4
53 1
52 1
80 55
80 54
80 53
80 52
80 51
80 50
0 5
80 49
51 1
50 1
80 48
80 47
80 46
0 37
80 45
49 1
80 44
48 1
80 43
47 1
80 42
80 41
46 1
0 6
45 1
80 40
80 39
80 38
80 37
80 36
44 1
80 35
80 34
43 1
80 33
80 32
80 31
42 1
80 30
41 1
80 29
80 28
80 27
80 26
80 25
80 24
80 23
0 7
80 22
80 21
80 20
80 19
80 18
40 1
39 1
80 17
80 16
0 8
38 1
37 1
80 15
80 14
80 13
80 12
80 11
36 1
80 10
80 9
35 1
34 1
80 8
79 8
78 8
33 1
77 8
76 8
32 1
31 1
30 1
29 1
28 1
75 8
74 8
27 1
73 8
72 8
71 8
70 8
26 1
69 8
68 8
25 1
67 8
66 8
65 8
64 8
63 8
62 8
24 1
23 1
0 9
61 8
22 1
60 8
59 8
21 1
58 8
57 8
20 1
19 1
56 8
55 8
54 8
53 8
52 8
51 8
50 8
49 8
18 1
0 10
48 8
47 8
46 8
17 1
45 8
44 8
16 1
43 8
15 1
42 8
0 11
14 1
41 8
13 1
12 1
40 8
11 1
10 1
39 8
38 8
37 8
36 8
9 1
35 8
34 8
33 8
32 8
8 1
31 8
30 8
29 8
7 1
28 8
6 1
27 8
26 8
25 8
0 38
24 8
23 8
5 1
22 8
4 1
3 1
21 8
20 8
19 8
18 8
17 8
16 8
15 8
14 8
2 1
13 8
12 8
11 8
10 8
9 8
8 8
8 9
8 10
8 11
8 12
8 13
1 1
1 2
8 14
8 15
8 16
8 17
8 18
8 19
8 20
1 3
8 21
1 4
8 22
8 23
1 5
1 6
8 24
8 25
8 26
8 27
8 28
1 7
8 29
1 8
8 30
1 9
8 31
8 32
1 10
8 33
1 11
8 34
0 12
8 35
8 36
8 37
8 38
8 39
8 40
8 41
0 39
