11 11
2 4
2 5
12 11
12 10
11 10
22 2
2 6
10 10
10 11
10 12
11 12
12 12
2 7
2 8
13 12
2 9
13 11
22 1
2 10
13 10
2 11
13 9
12 9
11 9
10 9
9 9
9 10
9 11
9 12
9 13
10 13
2 12
11 13
12 13
22 0
13 13
14 13
14 12
2 13
2 14
14 11
2 15
21 0
14 10
2 16
14 9
14 8
20 0
13 8
12 8
11 8
2 17
2 18
10 8
19 0
9 8
8 8
8 9
8 10
8 11
8 12
2 19
8 13
8 14
9 14
2 20
10 14
11 14
12 14
3 20
4 20
13 14
14 14
18 0
15 14
5 20
15 13
15 12
15 11
15 10
6 20
15 9
7 20
17 0
8 20
15 8
15 7
9 20
14 7
13 7
10 20
11 20
12 20
12 7
11 7
10 7
9 7
8 7
7 7
7 8
13 20
7 9
7 10
16 0
14 20
7 11
7 12
15 20
7 13
16 20
7 14
7 15
17 20
18 20
19 20
8 15
9 15
10 15
20 20
11 15
12 15
21 20
21 19
13 15
14 15
15 15
21 18
16 15
21 17
16 14
16 13
16 12
16 11
21 16
16 10
21 15
16 9
16 8
16 7
21 14
21 13
16 6
15 6
21 12
14 6
13 6
12 6
11 6
10 6
9 6
21 11
8 6
7 6
6 6
6 7
6 8
21 10
21 9
6 9
6 10
6 11
21 8
6 12
6 13
21 7
6 14
6 15
6 16
7 16
21 6
8 16
15 0
21 5
21 4
14 0
21 3
9 16
10 16
11 16
21 2
12 16
13 16
21 1
14 16
15 16
16 16
17 16
20 1
19 1
17 15
17 14
18 1
17 1
16 1
17 13
17 12
15 1
17 11
14 1
17 10
13 1
17 9
17 8
17 7
12 1
17 6
17 5
16 5
15 5
14 5
11 1
13 5
12 5
10 1
11 5
9 1
10 5
13 0
9 5
8 5
8 1
7 5
6 5
7 1
5 5
6 1
5 6
5 7
5 8
5 1
5 9
4 1
5 10
5 11
5 12
5 13
5 14
5 15
12 0
3 1
5 16
2 1
5 17
6 17
7 17
8 17
9 17
10 17
11 17
12 17
13 17
14 17
15 17
1 1
16 17
17 17
18 17
11 0
18 16
1 2
18 15
18 14
1 3
1 4
18 13
18 12
18 11
1 5
18 10
18 9
10 0
18 8
18 7
18 6
9 0
1 6
18 5
18 4
1 7
8 0
17 4
16 4
15 4
14 4
0 3
13 4
1 8
12 4
7 0
11 4
1 9
10 4
1 10
1 11
6 0
9 4
1 12
5 0
8 4
7 4
6 4
5 4
1 13
4 4
4 5
4 0
4 6
1 14
3 0
4 7
4 8
4 9
4 10
4 11
4 12
4 13
1 15
2 0
4 14
1 16
1 17
0 4
1 18
4 15
1 19
1 20
4 16
4 17
1 21
4 18
5 18
2 21
6 18
7 18
8 18
3 21
9 18
4 21
10 18
11 18
5 21
6 21
12 18
1 0
13 18
7 21
8 21
9 21
10 21
11 21
14 18
15 18
12 21
16 18
13 21
17 18
18 18
19 18
19 17
19 16
19 15
19 14
19 13
19 12
19 11
19 10
19 9
19 8
19 7
19 6
19 5
19 4
19 3
18 3
17 3
16 3
15 3
14 3
13 3
12 3
11 3
0 0
14 21
10 3
9 3
15 21
8 3
7 3
6 3
5 3
4 3
3 3
3 4
3 5
16 21
17 21
3 6
3 7
3 8
3 9
3 10
18 21
3 11
3 12
3 13
19 21
20 21
3 14
21 21
22 21
3 15
3 16
22 20
3 17
3 18
3 19
4 19
5 19
22 19
6 19
7 19
8 19
9 19
10 19
11 19
22 18
12 19
13 19
14 19
15 19
16 19
17 19
18 19
19 19
22 17
20 19
20 18
22 16
20 17
20 16
20 15
22 15
20 14
22 14
20 13
20 12
20 11
22 13
22 12
20 10
0 1
20 9
20 8
20 7
22 11
22 10
22 9
20 6
20 5
20 4
20 3
20 2
19 2
18 2
17 2
16 2
22 8
22 7
15 2
14 2
13 2
12 2
22 6
11 2
10 2
22 5
9 2
22 4
0 2
8 2
7 2
6 2
22 3
5 2
4 2
3 2
2 2
2 3
