2 5
2 6
13 0
2 7
8 8
9 8
12 0
11 0
10 0
2 8
2 9
2 10
9 7
8 7
2 11
7 7
7 8
7 9
2 12
8 9
9 9
9 0
10 9
10 8
10 7
2 13
10 6
2 14
9 6
8 6
7 6
3 14
6 6
4 14
6 7
6 8
6 9
5 14
6 14
6 10
7 14
7 10
8 10
9 10
8 14
9 14
10 10
11 10
11 9
11 8
10 14
11 7
11 6
11 14
1 16
11 5
10 5
12 14
9 5
8 5
13 14
7 5
14 14
8 0
15 14
6 5
5 5
5 6
15 13
5 7
5 8
5 9
5 10
5 11
15 12
15 11
15 10
15 9
15 8
6 11
15 7
7 0
15 6
7 11
15 5
8 11
9 11
10 11
15 4
11 11
12 11
6 0
12 10
15 3
5 0
12 9
15 2
15 1
12 8
14 1
13 1
12 1
12 7
12 6
12 5
11 1
4 0
10 1
12 4
9 1
8 1
11 4
10 4
3 0
7 1
2 0
9 4
1 0
6 1
8 4
5 1
7 4
6 4
5 4
4 4
4 5
4 1
3 1
4 6
4 7
4 8
0 0
0 1
4 9
4 10
4 11
4 12
0 2
5 12
6 12
7 12
8 12
9 12
10 12
11 12
12 12
13 12
2 1
13 11
0 3
1 1
1 2
13 10
1 3
1 4
13 9
1 5
13 8
1 6
1 7
1 8
1 9
1 10
13 7
1 11
1 12
13 6
1 13
13 5
1 14
0 4
13 4
13 3
12 3
1 15
0 5
11 3
2 15
0 6
10 3
9 3
8 3
3 15
7 3
6 3
5 3
4 3
0 7
3 3
4 15
3 4
3 5
3 6
5 15
3 7
6 15
0 8
7 15
3 8
3 9
3 10
3 11
0 9
3 12
8 15
3 13
4 13
5 13
9 15
0 10
0 11
6 13
10 15
11 15
0 12
12 15
13 15
14 15
7 13
8 13
15 15
9 13
10 13
11 13
0 13
12 13
16 15
16 14
13 13
14 13
14 12
14 11
14 10
14 9
16 13
14 8
16 12
14 7
16 11
16 10
0 14
16 9
14 6
14 5
14 4
14 3
0 15
14 2
16 8
13 2
0 16
16 7
12 2
11 2
10 2
9 2
8 2
16 6
2 16
7 2
16 5
16 4
16 3
6 2
16 2
5 2
4 2
16 1
16 0
3 2
2 2
15 0
2 3
2 4
14 0
