62 63
63 63
63 62
62 62
113 88
113 87
61 62
61 63
113 86
61 64
62 64
63 64
64 64
64 63
64 62
64 61
63 61
113 85
62 61
61 61
113 84
113 83
113 82
60 61
60 62
60 63
60 64
60 65
61 65
62 65
113 81
125 6
113 80
63 65
113 79
64 65
113 78
113 77
65 65
65 64
65 63
113 76
113 75
65 62
65 61
65 60
64 60
63 60
62 60
61 60
125 5
60 60
59 60
59 61
59 62
59 63
12 2
59 64
59 65
59 66
60 66
61 66
113 74
113 73
62 66
63 66
64 66
65 66
66 66
66 65
66 64
66 63
66 62
66 61
113 72
66 60
66 59
113 71
65 59
64 59
63 59
62 59
61 59
60 59
59 59
58 59
58 60
58 61
58 62
113 70
113 69
58 63
58 64
113 68
113 67
58 65
113 66
113 65
58 66
113 64
58 67
59 67
60 67
61 67
11 2
62 67
63 67
113 63
64 67
65 67
66 67
67 67
67 66
67 65
67 64
67 63
67 62
67 61
113 62
67 60
67 59
113 61
67 58
66 58
65 58
64 58
113 60
63 58
62 58
113 59
113 58
61 58
113 57
113 56
113 55
60 58
59 58
58 58
57 58
113 54
57 59
57 60
57 61
57 62
57 63
57 64
57 65
57 66
57 67
57 68
113 53
58 68
59 68
60 68
113 52
61 68
62 68
63 68
64 68
65 68
66 68
113 51
67 68
113 50
68 68
68 67
68 66
68 65
113 49
113 48
68 64
113 47
10 2
113 46
68 63
113 45
68 62
113 44
68 61
113 43
68 60
113 42
68 59
113 41
113 40
113 39
113 38
68 58
68 57
67 57
9 2
113 37
113 36
66 57
65 57
113 35
113 34
64 57
113 33
63 57
62 57
61 57
60 57
113 32
8 2
7 2
59 57
113 31
58 57
57 57
56 57
113 30
113 29
56 58
56 59
56 60
113 28
113 27
56 61
6 2
56 62
113 26
56 63
113 25
113 24
56 64
56 65
56 66
113 23
113 22
5 2
113 21
56 67
56 68
113 20
4 2
56 69
57 69
58 69
59 69
3 2
60 69
61 69
62 69
113 19
63 69
113 18
64 69
113 17
113 16
113 15
65 69
66 69
67 69
68 69
113 14
113 13
2 2
69 69
69 68
69 67
113 12
112 12
69 66
111 12
69 65
69 64
69 63
110 12
109 12
108 12
107 12
69 62
106 12
69 61
69 60
69 59
105 12
104 12
69 58
103 12
69 57
69 56
102 12
68 56
101 12
67 56
100 12
66 56
65 56
64 56
63 56
62 56
61 56
60 56
59 56
1 2
58 56
99 12
57 56
56 56
55 56
98 12
55 57
97 12
96 12
55 58
55 59
55 60
95 12
55 61
55 62
55 63
94 12
55 64
1 3
55 65
93 12
55 66
55 67
55 68
1 4
125 4
55 69
55 70
56 70
57 70
58 70
92 12
59 70
60 70
61 70
1 5
62 70
63 70
1 6
64 70
65 70
66 70
67 70
68 70
91 12
90 12
69 70
70 70
89 12
70 69
70 68
70 67
70 66
70 65
70 64
88 12
87 12
70 63
70 62
86 12
85 12
70 61
70 60
70 59
84 12
1 7
70 58
70 57
1 8
70 56
83 12
82 12
70 55
69 55
81 12
68 55
80 12
67 55
79 12
66 55
78 12
65 55
64 55
63 55
77 12
1 9
62 55
61 55
76 12
60 55
1 10
59 55
75 12
58 55
57 55
56 55
55 55
54 55
54 56
74 12
54 57
54 58
1 11
54 59
54 60
73 12
1 12
54 61
72 12
71 12
70 12
54 62
54 63
54 64
1 13
69 12
54 65
54 66
54 67
54 68
68 12
54 69
54 70
54 71
55 71
67 12
56 71
57 71
66 12
58 71
1 14
59 71
65 12
60 71
64 12
63 12
62 12
61 71
62 71
63 71
61 12
64 71
65 71
66 71
67 71
68 71
60 12
68 0
1 15
69 71
70 71
59 12
71 71
71 70
58 12
71 69
71 68
57 12
71 67
56 12
71 66
71 65
1 16
71 64
71 63
71 62
71 61
71 60
71 59
71 58
71 57
71 56
71 55
55 12
71 54
70 54
69 54
54 12
68 54
67 54
66 54
65 54
53 12
64 54
63 54
62 54
61 54
60 54
59 54
58 54
57 54
56 54
55 54
54 54
53 54
53 55
52 12
51 12
53 56
53 57
53 58
53 59
53 60
53 61
53 62
53 63
53 64
50 12
49 12
48 12
53 65
53 66
53 67
53 68
53 69
53 70
53 71
53 72
54 72
55 72
56 72
57 72
47 12
58 72
46 12
45 12
59 72
60 72
44 12
43 12
42 12
41 12
61 72
40 12
62 72
63 72
64 72
39 12
65 72
66 72
38 12
67 72
68 72
69 72
70 72
71 72
72 72
72 71
37 12
72 70
72 69
72 68
72 67
36 12
35 12
1 17
34 12
72 66
72 65
72 64
72 63
33 12
72 62
32 12
31 12
1 18
72 61
72 60
72 59
72 58
30 12
72 57
72 56
72 55
72 54
72 53
71 53
29 12
70 53
69 53
68 53
67 53
66 53
65 53
64 53
63 53
62 53
61 53
28 12
60 53
59 53
27 12
58 53
26 12
57 53
56 53
55 53
25 12
54 53
24 12
53 53
52 53
23 12
52 54
52 55
22 12
21 12
52 56
52 57
20 12
52 58
19 12
52 59
52 60
18 12
1 19
52 61
52 62
17 12
16 12
52 63
15 12
52 64
52 65
52 66
14 12
52 67
13 12
12 12
52 68
52 69
1 20
11 12
52 70
11 13
52 71
11 14
52 72
11 15
52 73
53 73
54 73
55 73
56 73
11 16
57 73
58 73
11 17
11 18
11 19
59 73
11 20
60 73
61 73
62 73
63 73
64 73
65 73
66 73
67 73
68 73
11 21
125 3
11 22
69 73
11 23
70 73
1 21
11 24
71 73
72 73
73 73
11 25
73 72
73 71
73 70
73 69
1 22
11 26
73 68
73 67
11 27
11 28
73 66
11 29
1 23
73 65
73 64
73 63
73 62
73 61
73 60
11 30
73 59
73 58
11 31
73 57
73 56
73 55
11 32
73 54
73 53
73 52
11 33
72 52
1 24
11 34
71 52
11 35
70 52
69 52
68 52
11 36
67 52
11 37
66 52
11 38
65 52
64 52
63 52
1 25
11 39
62 52
61 52
60 52
59 52
58 52
57 52
11 40
56 52
11 41
55 52
11 42
54 52
53 52
1 26
52 52
11 43
51 52
51 53
51 54
51 55
11 44
51 56
51 57
11 45
51 58
51 59
11 46
51 60
51 61
11 47
11 48
11 49
1 27
51 62
51 63
125 2
11 50
11 51
51 64
1 28
11 52
51 65
51 66
11 53
51 67
51 68
11 54
51 69
51 70
51 71
51 72
51 73
51 74
52 74
11 55
11 56
11 57
11 58
11 59
53 74
11 60
11 61
54 74
11 62
55 74
1 29
56 74
57 74
58 74
59 74
11 63
60 74
61 74
11 64
62 74
11 65
63 74
64 74
65 74
66 74
11 66
67 74
11 67
68 74
69 74
70 74
71 74
11 68
72 74
73 74
74 74
11 69
74 73
11 70
11 71
11 72
11 73
74 72
11 74
11 75
74 71
11 76
74 70
74 69
1 30
74 68
74 67
74 66
74 65
74 64
74 63
74 62
74 61
74 60
11 77
11 78
74 59
74 58
74 57
74 56
11 79
74 55
74 54
11 80
11 81
11 82
74 53
74 52
1 31
74 51
73 51
72 51
11 83
71 51
70 51
69 51
68 51
11 84
67 51
66 51
65 51
64 51
63 51
62 51
11 85
61 51
11 86
60 51
1 32
1 33
59 51
11 87
11 88
58 51
11 89
57 51
56 51
55 51
11 90
11 91
54 51
11 92
53 51
52 51
11 93
51 51
50 51
50 52
50 53
11 94
50 54
50 55
11 95
11 96
11 97
50 56
50 57
11 98
50 58
50 59
50 60
50 61
50 62
50 63
50 64
11 99
50 65
50 66
50 67
50 68
50 69
50 70
11 100
50 71
50 72
50 73
50 74
50 75
11 101
51 75
52 75
53 75
54 75
55 75
56 75
57 75
58 75
11 102
59 75
11 103
60 75
61 75
62 75
63 75
64 75
65 75
66 75
67 75
68 75
69 75
70 75
71 75
11 104
72 75
11 105
73 75
74 75
11 106
75 75
75 74
11 107
75 73
75 72
75 71
1 34
75 70
11 108
11 109
11 110
11 111
75 69
1 35
75 68
11 112
11 113
75 67
75 66
11 114
75 65
12 114
13 114
14 114
15 114
75 64
75 63
75 62
75 61
16 114
17 114
18 114
19 114
75 60
75 59
75 58
75 57
75 56
75 55
20 114
21 114
22 114
75 54
23 114
75 53
75 52
75 51
75 50
74 50
73 50
1 36
1 37
72 50
71 50
70 50
24 114
69 50
25 114
68 50
1 38
67 50
66 50
65 50
64 50
26 114
63 50
62 50
61 50
60 50
59 50
58 50
27 114
28 114
57 50
56 50
29 114
30 114
31 114
32 114
55 50
1 39
33 114
34 114
54 50
53 50
35 114
36 114
37 114
38 114
52 50
51 50
39 114
50 50
49 50
40 114
49 51
49 52
49 53
49 54
41 114
49 55
42 114
49 56
49 57
49 58
1 40
1 41
49 59
49 60
43 114
49 61
49 62
49 63
49 64
49 65
49 66
49 67
49 68
49 69
44 114
49 70
49 71
49 72
1 42
49 73
1 43
45 114
46 114
47 114
48 114
49 74
49 75
49 114
50 114
51 114
52 114
49 76
50 76
51 76
52 76
53 76
53 114
54 76
55 76
56 76
54 114
57 76
55 114
1 44
1 45
56 114
57 114
125 1
58 114
59 114
58 76
60 114
61 114
59 76
60 76
1 46
1 47
61 76
62 76
63 76
64 76
62 114
63 114
64 114
65 76
66 76
65 114
66 114
67 114
67 76
68 76
68 114
1 48
1 49
69 76
69 114
70 114
70 76
71 76
72 76
71 114
73 76
74 76
75 76
76 76
72 114
76 75
76 74
1 50
76 73
76 72
76 71
76 70
73 114
76 69
76 68
74 114
75 114
76 67
76 66
76 65
76 64
76 63
76 62
76 61
76 114
76 60
76 59
76 58
76 57
77 114
78 114
79 114
76 56
76 55
76 54
76 53
76 52
80 114
76 51
76 50
76 49
75 49
74 49
73 49
72 49
71 49
70 49
69 49
68 49
81 114
67 49
66 49
82 114
65 49
83 114
84 114
64 49
1 51
85 114
1 52
1 53
63 49
62 49
86 114
61 49
87 114
88 114
60 49
59 49
58 49
1 54
57 49
56 49
89 114
90 114
91 114
55 49
54 49
53 49
92 114
52 49
51 49
50 49
49 49
48 49
93 114
94 114
48 50
48 51
48 52
48 53
95 114
96 114
48 54
48 55
97 114
48 56
48 57
98 114
48 58
99 114
100 114
101 114
48 59
102 114
48 60
103 114
48 61
104 114
105 114
106 114
107 114
48 62
48 63
48 64
48 65
48 66
48 67
48 68
108 114
1 55
109 114
48 69
48 70
48 71
110 114
48 72
48 73
48 74
48 75
48 76
111 114
48 77
49 77
112 114
50 77
113 114
51 77
114 114
52 77
114 113
53 77
114 112
114 111
114 110
54 77
114 109
55 77
56 77
57 77
114 108
114 107
58 77
114 106
59 77
60 77
114 105
114 104
114 103
61 77
114 102
1 56
62 77
114 101
63 77
64 77
65 77
114 100
114 99
114 98
114 97
66 77
67 77
114 96
68 77
69 77
70 77
71 77
72 77
114 95
73 77
74 77
75 77
114 94
76 77
77 77
77 76
77 75
77 74
77 73
77 72
77 71
77 70
77 69
77 68
1 57
114 93
77 67
77 66
77 65
77 64
77 63
77 62
77 61
77 60
114 92
114 91
1 58
77 59
114 90
1 59
114 89
77 58
77 57
77 56
77 55
77 54
77 53
77 52
77 51
77 50
114 88
114 87
77 49
77 48
114 86
114 85
114 84
114 83
76 48
75 48
114 82
74 48
114 81
73 48
114 80
114 79
72 48
71 48
114 78
70 48
69 48
68 48
114 77
114 76
114 75
67 48
114 74
114 73
66 48
65 48
64 48
63 48
1 60
114 72
62 48
61 48
60 48
114 71
114 70
59 48
114 69
58 48
114 68
57 48
114 67
56 48
55 48
54 48
53 48
52 48
114 66
51 48
114 65
114 64
50 48
49 48
48 48
47 48
114 63
47 49
47 50
114 62
47 51
114 61
47 52
114 60
47 53
47 54
114 59
47 55
47 56
114 58
47 57
47 58
114 57
47 59
114 56
47 60
47 61
47 62
114 55
47 63
114 54
47 64
114 53
47 65
47 66
47 67
47 68
47 69
114 52
114 51
47 70
47 71
47 72
47 73
114 50
1 61
47 74
47 75
47 76
47 77
47 78
48 78
49 78
50 78
51 78
114 49
52 78
114 48
53 78
54 78
55 78
114 47
114 46
56 78
114 45
114 44
57 78
1 62
58 78
114 43
59 78
60 78
114 42
61 78
62 78
114 41
114 40
63 78
64 78
65 78
66 78
67 78
114 39
68 78
1 63
114 38
69 78
70 78
71 78
72 78
73 78
74 78
75 78
76 78
77 78
78 78
114 37
78 77
78 76
1 64
78 75
78 74
114 36
78 73
114 35
1 65
1 66
1 67
78 72
114 34
78 71
78 70
78 69
78 68
78 67
114 33
78 66
78 65
114 32
114 31
114 30
78 64
114 29
114 28
78 63
78 62
78 61
78 60
78 59
114 27
114 26
78 58
78 57
114 25
114 24
114 23
78 56
78 55
78 54
78 53
114 22
114 21
1 68
78 52
78 51
114 20
78 50
114 19
78 49
78 48
114 18
114 17
78 47
77 47
76 47
75 47
114 16
74 47
73 47
72 47
71 47
70 47
69 47
68 47
67 47
66 47
65 47
64 47
63 47
114 15
114 14
62 47
61 47
60 47
114 13
114 12
59 47
58 47
114 11
1 69
57 47
113 11
56 47
55 47
112 11
111 11
54 47
53 47
110 11
109 11
1 70
108 11
52 47
51 47
50 47
107 11
49 47
48 47
106 11
1 71
47 47
46 47
46 48
46 49
105 11
46 50
1 72
46 51
46 52
1 73
46 53
46 54
46 55
46 56
1 74
46 57
46 58
46 59
46 60
1 75
1 76
46 61
104 11
46 62
46 63
103 11
1 77
102 11
46 64
101 11
46 65
46 66
100 11
99 11
98 11
46 67
97 11
96 11
95 11
46 68
94 11
46 69
46 70
93 11
92 11
46 71
91 11
46 72
46 73
46 74
46 75
46 76
46 77
46 78
90 11
89 11
46 79
47 79
48 79
49 79
50 79
51 79
1 78
52 79
53 79
88 11
54 79
55 79
56 79
87 11
57 79
58 79
59 79
60 79
61 79
62 79
63 79
1 79
1 80
64 79
65 79
66 79
67 79
86 11
68 79
69 79
70 79
85 11
71 79
72 79
73 79
84 11
83 11
74 79
82 11
75 79
81 11
76 79
77 79
78 79
80 11
79 79
79 11
79 78
79 77
79 76
78 11
79 75
79 74
79 73
79 72
79 71
77 11
79 70
76 11
79 69
79 68
79 67
75 11
79 66
79 65
79 64
74 11
79 63
79 62
79 61
79 60
1 81
79 59
73 11
1 82
72 11
79 58
71 11
79 57
79 56
70 11
79 55
79 54
79 53
79 52
79 51
79 50
79 49
79 48
79 47
79 46
78 46
69 11
68 11
77 46
76 46
75 46
67 11
74 46
73 46
72 46
71 46
70 46
69 46
1 83
68 46
67 46
66 46
1 84
65 46
64 46
66 11
65 11
63 46
62 46
61 46
64 11
60 46
59 46
58 46
57 46
63 11
56 46
55 46
54 46
53 46
52 46
51 46
50 46
49 46
48 46
62 11
47 46
46 46
45 46
45 47
45 48
61 11
60 11
59 11
45 49
45 50
45 51
45 52
58 11
45 53
1 85
45 54
1 86
45 55
57 11
56 11
55 11
45 56
1 87
54 11
45 57
45 58
1 88
53 11
45 59
45 60
52 11
45 61
45 62
1 89
45 63
45 64
45 65
45 66
51 11
45 67
1 90
45 68
45 69
45 70
45 71
50 11
45 72
45 73
45 74
49 11
48 11
45 75
45 76
45 77
45 78
45 79
45 80
46 80
47 80
48 80
49 80
50 80
51 80
47 11
52 80
53 80
46 11
54 80
55 80
56 80
57 80
45 11
44 11
58 80
59 80
60 80
43 11
61 80
62 80
63 80
42 11
64 80
65 80
41 11
1 91
66 80
40 11
39 11
67 80
38 11
68 80
37 11
69 80
70 80
36 11
71 80
35 11
72 80
34 11
73 80
33 11
32 11
74 80
75 80
76 80
77 80
78 80
79 80
80 80
80 79
80 78
31 11
80 77
1 92
80 76
80 75
80 74
80 73
1 93
30 11
80 72
80 71
80 70
80 69
80 68
80 67
80 66
80 65
80 64
80 63
80 62
29 11
80 61
28 11
27 11
26 11
25 11
80 60
80 59
80 58
24 11
23 11
22 11
80 57
80 56
80 55
80 54
80 53
80 52
80 51
80 50
80 49
21 11
20 11
80 48
80 47
80 46
80 45
19 11
79 45
78 45
77 45
76 45
75 45
74 45
18 11
73 45
72 45
71 45
125 0
17 11
70 45
69 45
16 11
68 45
15 11
14 11
67 45
66 45
65 45
64 45
63 45
62 45
61 45
13 11
60 45
59 45
12 11
58 45
11 11
10 11
10 12
57 45
56 45
55 45
54 45
10 13
53 45
52 45
10 14
51 45
10 15
50 45
49 45
10 16
48 45
10 17
47 45
46 45
45 45
44 45
10 18
10 19
10 20
44 46
1 94
44 47
44 48
44 49
44 50
44 51
44 52
10 21
44 53
44 54
10 22
44 55
44 56
10 23
44 57
44 58
1 95
44 59
44 60
44 61
44 62
44 63
44 64
44 65
44 66
44 67
1 96
44 68
44 69
44 70
10 24
44 71
44 72
10 25
44 73
10 26
44 74
10 27
10 28
44 75
1 97
44 76
10 29
44 77
44 78
10 30
44 79
44 80
44 81
10 31
1 98
10 32
45 81
46 81
47 81
48 81
49 81
50 81
51 81
52 81
53 81
54 81
1 99
55 81
1 100
1 101
56 81
57 81
10 33
58 81
59 81
60 81
61 81
62 81
63 81
64 81
10 34
65 81
66 81
10 35
67 81
68 81
69 81
10 36
70 81
71 81
72 81
73 81
74 81
75 81
76 81
77 81
78 81
79 81
80 81
81 81
81 80
10 37
81 79
81 78
81 77
10 38
81 76
10 39
81 75
10 40
81 74
81 73
81 72
1 102
81 71
10 41
81 70
81 69
10 42
81 68
81 67
1 103
81 66
81 65
81 64
81 63
10 43
81 62
81 61
10 44
10 45
10 46
81 60
81 59
81 58
81 57
10 47
10 48
81 56
81 55
10 49
81 54
81 53
81 52
81 51
81 50
81 49
81 48
81 47
10 50
81 46
10 51
10 52
81 45
10 53
81 44
80 44
79 44
78 44
77 44
10 54
10 55
76 44
10 56
75 44
10 57
74 44
73 44
72 44
71 44
70 44
69 44
68 44
67 44
66 44
10 58
65 44
10 59
64 44
10 60
63 44
62 44
61 44
60 44
10 61
59 44
58 44
10 62
57 44
10 63
56 44
55 44
54 44
10 64
10 65
53 44
52 44
51 44
50 44
10 66
1 104
49 44
48 44
47 44
10 67
46 44
10 68
45 44
44 44
43 44
43 45
43 46
43 47
43 48
10 69
43 49
43 50
43 51
10 70
43 52
10 71
43 53
43 54
43 55
10 72
43 56
43 57
43 58
43 59
43 60
43 61
10 73
43 62
43 63
43 64
1 105
10 74
43 65
43 66
43 67
43 68
43 69
43 70
43 71
10 75
10 76
10 77
10 78
10 79
10 80
43 72
43 73
10 81
10 82
10 83
43 74
10 84
43 75
10 85
10 86
43 76
43 77
43 78
43 79
43 80
43 81
43 82
10 87
44 82
45 82
46 82
124 0
47 82
10 88
1 106
48 82
49 82
10 89
50 82
1 107
10 90
10 91
10 92
10 93
51 82
52 82
10 94
53 82
10 95
54 82
1 108
10 96
55 82
56 82
57 82
58 82
59 82
60 82
10 97
61 82
10 98
10 99
10 100
62 82
10 101
1 109
63 82
64 82
65 82
66 82
67 82
68 82
69 82
70 82
1 110
10 102
10 103
10 104
71 82
72 82
10 105
10 106
73 82
74 82
75 82
10 107
76 82
77 82
78 82
79 82
80 82
81 82
82 82
10 108
82 81
10 109
10 110
82 80
10 111
10 112
10 113
10 114
82 79
82 78
82 77
82 76
82 75
82 74
82 73
82 72
10 115
82 71
82 70
82 69
82 68
11 115
82 67
12 115
82 66
82 65
13 115
82 64
82 63
82 62
14 115
82 61
82 60
15 115
82 59
82 58
82 57
82 56
16 115
82 55
17 115
18 115
19 115
82 54
82 53
82 52
82 51
82 50
20 115
21 115
82 49
22 115
82 48
23 115
82 47
82 46
82 45
82 44
82 43
81 43
80 43
24 115
25 115
79 43
26 115
27 115
78 43
77 43
76 43
28 115
75 43
74 43
29 115
73 43
30 115
72 43
71 43
1 111
70 43
69 43
1 112
31 115
68 43
67 43
66 43
32 115
65 43
64 43
63 43
33 115
62 43
61 43
34 115
60 43
59 43
58 43
57 43
56 43
55 43
54 43
53 43
35 115
36 115
37 115
52 43
51 43
1 113
1 114
50 43
49 43
38 115
39 115
48 43
47 43
46 43
45 43
44 43
43 43
42 43
42 44
42 45
42 46
40 115
42 47
41 115
42 48
42 49
42 50
42 115
42 51
1 115
42 52
43 115
44 115
45 115
42 53
42 54
46 115
42 55
42 56
42 57
47 115
42 58
1 116
42 59
42 60
48 115
42 61
42 62
42 63
49 115
42 64
50 115
42 65
51 115
42 66
52 115
53 115
42 67
42 68
42 69
42 70
54 115
55 115
56 115
42 71
42 72
1 117
42 73
42 74
42 75
42 76
42 77
42 78
42 79
42 80
42 81
42 82
57 115
42 83
58 115
59 115
60 115
61 115
62 115
43 83
44 83
45 83
63 115
46 83
47 83
48 83
49 83
50 83
51 83
1 118
64 115
52 83
53 83
54 83
65 115
55 83
56 83
57 83
58 83
59 83
66 115
60 83
67 115
61 83
62 83
63 83
64 83
65 83
68 115
66 83
69 115
67 83
70 115
68 83
69 83
71 115
70 83
71 83
72 83
73 83
74 83
75 83
76 83
72 115
77 83
73 115
74 115
75 115
76 115
78 83
79 83
80 83
1 119
81 83
77 115
82 83
83 83
83 82
78 115
83 81
83 80
83 79
83 78
79 115
83 77
80 115
1 120
83 76
83 75
81 115
83 74
83 73
82 115
83 115
83 72
83 71
83 70
83 69
83 68
83 67
83 66
83 65
83 64
84 115
83 63
83 62
83 61
83 60
83 59
83 58
83 57
83 56
83 55
83 54
83 53
85 115
83 52
86 115
83 51
87 115
83 50
83 49
83 48
83 47
83 46
88 115
89 115
83 45
83 44
83 43
83 42
82 42
81 42
80 42
79 42
78 42
77 42
76 42
90 115
91 115
75 42
74 42
92 115
73 42
93 115
1 121
72 42
71 42
70 42
94 115
95 115
69 42
68 42
96 115
1 122
67 42
97 115
66 42
65 42
98 115
99 115
64 42
1 123
63 42
62 42
61 42
100 115
60 42
59 42
58 42
57 42
56 42
55 42
101 115
54 42
102 115
53 42
123 0
52 42
51 42
50 42
49 42
103 115
48 42
104 115
47 42
46 42
45 42
44 42
43 42
42 42
41 42
41 43
41 44
41 45
41 46
105 115
106 115
107 115
108 115
41 47
41 48
41 49
41 50
41 51
109 115
110 115
41 52
41 53
111 115
112 115
41 54
41 55
1 124
41 56
41 57
113 115
41 58
114 115
41 59
115 115
115 114
41 60
41 61
115 113
115 112
115 111
115 110
41 62
41 63
41 64
41 65
41 66
41 67
41 68
41 69
115 109
41 70
115 108
41 71
41 72
41 73
41 74
41 75
41 76
41 77
41 78
41 79
41 80
2 124
41 81
41 82
41 83
115 107
115 106
41 84
42 84
115 105
3 124
43 84
44 84
45 84
46 84
47 84
115 104
48 84
49 84
115 103
115 102
50 84
51 84
115 101
52 84
53 84
54 84
55 84
56 84
4 124
115 100
57 84
115 99
58 84
59 84
115 98
115 97
115 96
60 84
61 84
62 84
63 84
64 84
115 95
65 84
66 84
67 84
68 84
115 94
69 84
5 124
115 93
70 84
71 84
72 84
73 84
74 84
75 84
76 84
77 84
115 92
78 84
115 91
115 90
79 84
80 84
81 84
82 84
83 84
115 89
84 84
84 83
84 82
84 81
115 88
84 80
115 87
115 86
84 79
84 78
115 85
115 84
84 77
115 83
115 82
84 76
84 75
115 81
84 74
115 80
84 73
115 79
84 72
84 71
84 70
115 78
84 69
84 68
84 67
84 66
84 65
84 64
84 63
115 77
84 62
84 61
115 76
84 60
84 59
84 58
84 57
115 75
115 74
84 56
115 73
84 55
84 54
84 53
84 52
115 72
122 0
84 51
6 124
115 71
115 70
84 50
84 49
84 48
115 69
115 68
115 67
115 66
84 47
84 46
115 65
84 45
115 64
84 44
84 43
115 63
84 42
7 124
84 41
115 62
83 41
82 41
81 41
115 61
80 41
79 41
78 41
77 41
76 41
75 41
115 60
74 41
73 41
72 41
71 41
70 41
69 41
115 59
68 41
8 124
67 41
115 58
66 41
65 41
64 41
63 41
62 41
61 41
60 41
59 41
58 41
115 57
57 41
115 56
56 41
55 41
9 124
54 41
53 41
52 41
51 41
50 41
49 41
48 41
115 55
47 41
46 41
45 41
10 124
44 41
115 54
43 41
115 53
42 41
41 41
40 41
115 52
115 51
40 42
40 43
115 50
40 44
40 45
115 49
115 48
115 47
40 46
115 46
40 47
40 48
115 45
40 49
40 50
40 51
40 52
40 53
115 44
115 43
40 54
40 55
115 42
40 56
115 41
11 124
40 57
115 40
115 39
40 58
115 38
40 59
40 60
40 61
115 37
40 62
40 63
40 64
40 65
40 66
115 36
40 67
40 68
40 69
40 70
40 71
40 72
40 73
40 74
40 75
115 35
115 34
115 33
40 76
115 32
115 31
40 77
115 30
40 78
115 29
40 79
115 28
40 80
115 27
40 81
40 82
115 26
115 25
115 24
40 83
40 84
40 85
115 23
41 85
42 85
115 22
115 21
43 85
44 85
45 85
46 85
115 20
47 85
48 85
49 85
50 85
115 19
51 85
115 18
52 85
53 85
54 85
115 17
55 85
56 85
57 85
58 85
59 85
60 85
115 16
115 15
61 85
115 14
62 85
63 85
115 13
12 124
115 12
64 85
115 11
65 85
66 85
67 85
68 85
69 85
70 85
71 85
115 10
72 85
114 10
73 85
113 10
112 10
74 85
75 85
76 85
111 10
77 85
78 85
110 10
109 10
79 85
108 10
80 85
81 85
82 85
83 85
107 10
13 124
84 85
106 10
85 85
85 84
105 10
104 10
85 83
103 10
85 82
85 81
102 10
101 10
100 10
85 80
99 10
85 79
85 78
85 77
98 10
85 76
85 75
85 74
85 73
85 72
97 10
96 10
85 71
85 70
95 10
85 69
94 10
85 68
85 67
93 10
92 10
85 66
14 124
91 10
90 10
89 10
85 65
85 64
88 10
87 10
86 10
85 63
85 10
85 62
84 10
83 10
85 61
85 60
85 59
85 58
82 10
85 57
81 10
85 56
15 124
80 10
79 10
85 55
85 54
85 53
85 52
85 51
85 50
85 49
85 48
85 47
78 10
85 46
85 45
77 10
76 10
75 10
85 44
85 43
74 10
85 42
16 124
85 41
85 40
73 10
84 40
83 40
82 40
81 40
72 10
80 40
79 40
78 40
71 10
77 40
76 40
75 40
70 10
74 40
69 10
73 40
72 40
71 40
70 40
17 124
68 10
69 40
67 10
68 40
67 40
66 10
66 40
65 10
65 40
64 40
63 40
62 40
61 40
64 10
18 124
63 10
60 40
59 40
58 40
62 10
57 40
56 40
55 40
54 40
61 10
53 40
52 40
51 40
60 10
50 40
49 40
48 40
47 40
46 40
45 40
19 124
44 40
43 40
59 10
58 10
20 124
42 40
41 40
21 124
40 40
39 40
39 41
39 42
39 43
57 10
56 10
39 44
22 124
39 45
39 46
39 47
55 10
54 10
53 10
52 10
39 48
39 49
39 50
39 51
51 10
50 10
39 52
49 10
39 53
48 10
47 10
39 54
39 55
39 56
39 57
46 10
39 58
45 10
39 59
39 60
39 61
39 62
39 63
39 64
39 65
44 10
39 66
39 67
43 10
39 68
42 10
41 10
39 69
39 70
40 10
39 71
39 10
38 10
39 72
121 0
37 10
39 73
39 74
39 75
36 10
39 76
35 10
39 77
23 124
39 78
34 10
39 79
33 10
32 10
39 80
39 81
39 82
31 10
39 83
39 84
39 85
39 86
40 86
41 86
42 86
43 86
44 86
30 10
45 86
46 86
47 86
48 86
49 86
50 86
29 10
28 10
24 124
51 86
52 86
53 86
54 86
55 86
56 86
57 86
58 86
59 86
27 10
26 10
60 86
25 10
24 10
61 86
62 86
63 86
64 86
23 10
65 86
22 10
66 86
21 10
67 86
68 86
25 124
69 86
20 10
70 86
71 86
72 86
19 10
18 10
17 10
16 10
73 86
15 10
74 86
14 10
13 10
75 86
12 10
76 86
26 124
27 124
77 86
78 86
28 124
79 86
80 86
11 10
81 86
82 86
83 86
84 86
85 86
86 86
86 85
10 10
86 84
86 83
9 10
86 82
86 81
86 80
86 79
9 11
29 124
9 12
86 78
86 77
86 76
86 75
86 74
86 73
86 72
86 71
86 70
9 13
9 14
86 69
86 68
9 15
86 67
86 66
86 65
9 16
30 124
31 124
86 64
9 17
9 18
9 19
86 63
86 62
9 20
86 61
86 60
86 59
86 58
86 57
9 21
9 22
86 56
86 55
86 54
9 23
86 53
86 52
86 51
9 24
9 25
86 50
86 49
86 48
9 26
86 47
9 27
86 46
86 45
9 28
9 29
86 44
86 43
86 42
86 41
86 40
9 30
9 31
86 39
85 39
84 39
9 32
83 39
82 39
9 33
32 124
33 124
81 39
80 39
79 39
9 34
9 35
78 39
77 39
76 39
75 39
74 39
73 39
72 39
71 39
70 39
69 39
9 36
68 39
67 39
66 39
65 39
64 39
63 39
62 39
61 39
9 37
60 39
59 39
58 39
57 39
56 39
55 39
54 39
53 39
52 39
34 124
51 39
50 39
49 39
48 39
47 39
46 39
9 38
45 39
44 39
43 39
9 39
42 39
9 40
41 39
9 41
40 39
39 39
9 42
38 39
38 40
9 43
9 44
9 45
9 46
9 47
38 41
38 42
38 43
38 44
9 48
38 45
38 46
38 47
9 49
38 48
9 50
38 49
9 51
38 50
9 52
38 51
38 52
38 53
9 53
38 54
38 55
38 56
38 57
38 58
9 54
9 55
38 59
38 60
38 61
38 62
9 56
38 63
9 57
38 64
38 65
9 58
9 59
38 66
9 60
9 61
9 62
38 67
38 68
9 63
9 64
38 69
38 70
38 71
9 65
38 72
38 73
38 74
9 66
9 67
38 75
38 76
38 77
38 78
38 79
38 80
120 0
9 68
9 69
9 70
38 81
9 71
38 82
35 124
38 83
38 84
9 72
38 85
38 86
38 87
39 87
40 87
41 87
42 87
9 73
43 87
44 87
9 74
45 87
46 87
47 87
48 87
49 87
50 87
9 75
51 87
36 124
52 87
9 76
53 87
54 87
55 87
56 87
57 87
9 77
37 124
9 78
9 79
58 87
59 87
60 87
61 87
9 80
62 87
63 87
64 87
65 87
9 81
66 87
67 87
9 82
68 87
9 83
69 87
70 87
71 87
72 87
73 87
9 84
9 85
74 87
9 86
9 87
9 88
75 87
76 87
9 89
77 87
78 87
79 87
9 90
9 91
38 124
9 92
80 87
81 87
9 93
82 87
83 87
9 94
9 95
84 87
9 96
9 97
85 87
9 98
9 99
86 87
87 87
87 86
9 100
87 85
87 84
39 124
9 101
9 102
9 103
87 83
87 82
87 81
87 80
87 79
9 104
87 78
87 77
87 76
87 75
87 74
9 105
9 106
87 73
9 107
9 108
87 72
87 71
9 109
87 70
87 69
87 68
87 67
87 66
87 65
40 124
41 124
87 64
9 110
87 63
87 62
42 124
87 61
87 60
9 111
87 59
9 112
43 124
9 113
87 58
87 57
87 56
87 55
9 114
87 54
87 53
87 52
87 51
87 50
9 115
87 49
87 48
87 47
9 116
87 46
87 45
10 116
87 44
87 43
87 42
87 41
11 116
12 116
13 116
87 40
14 116
15 116
16 116
87 39
87 38
86 38
44 124
17 116
85 38
84 38
45 124
83 38
18 116
82 38
81 38
80 38
19 116
79 38
78 38
77 38
76 38
75 38
74 38
73 38
72 38
20 116
71 38
21 116
70 38
46 124
69 38
68 38
67 38
66 38
22 116
65 38
23 116
64 38
63 38
24 116
62 38
61 38
25 116
60 38
59 38
58 38
57 38
26 116
47 124
27 116
48 124
28 116
56 38
29 116
49 124
55 38
50 124
30 116
54 38
53 38
31 116
52 38
32 116
33 116
34 116
51 38
50 38
49 38
48 38
47 38
46 38
35 116
36 116
45 38
44 38
37 116
51 124
43 38
38 116
42 38
39 116
40 116
41 38
40 38
41 116
39 38
42 116
52 124
38 38
37 38
43 116
37 39
37 40
37 41
37 42
37 43
44 116
45 116
37 44
37 45
37 46
37 47
46 116
47 116
48 116
37 48
37 49
37 50
37 51
37 52
37 53
37 54
37 55
37 56
53 124
49 116
37 57
50 116
37 58
37 59
51 116
54 124
52 116
53 116
54 116
37 60
37 61
37 62
37 63
37 64
37 65
55 116
37 66
56 116
37 67
55 124
57 116
37 68
37 69
37 70
37 71
58 116
59 116
60 116
56 124
37 72
37 73
37 74
61 116
37 75
37 76
37 77
62 116
37 78
37 79
37 80
37 81
37 82
63 116
37 83
57 124
37 84
37 85
37 86
64 116
37 87
37 88
38 88
39 88
40 88
41 88
42 88
43 88
44 88
45 88
46 88
47 88
48 88
49 88
65 116
66 116
50 88
67 116
68 116
51 88
69 116
52 88
53 88
54 88
70 116
71 116
72 116
55 88
56 88
57 88
58 88
59 88
60 88
61 88
119 0
73 116
62 88
63 88
74 116
64 88
65 88
66 88
75 116
67 88
68 88
69 88
70 88
71 88
72 88
73 88
74 88
75 88
76 88
76 116
77 88
78 88
79 88
80 88
81 88
82 88
83 88
77 116
84 88
85 88
78 116
79 116
86 88
87 88
80 116
88 88
81 116
88 87
88 86
82 116
83 116
84 116
85 116
88 85
86 116
88 84
88 83
87 116
88 82
88 81
88 80
88 116
88 79
88 78
89 116
90 116
88 77
88 76
88 75
88 74
88 73
91 116
92 116
88 72
88 71
88 70
93 116
88 69
88 68
94 116
88 67
88 66
95 116
88 65
88 64
96 116
97 116
88 63
88 62
88 61
58 124
59 124
88 60
88 59
98 116
99 116
100 116
101 116
102 116
103 116
88 58
88 57
104 116
105 116
106 116
107 116
108 116
109 116
88 56
88 55
88 54
110 116
111 116
112 116
113 116
88 53
88 52
88 51
88 50
114 116
88 49
88 48
88 47
88 46
88 45
88 44
88 43
88 42
88 41
88 40
115 116
116 116
116 115
116 114
88 39
88 38
116 113
88 37
87 37
86 37
85 37
116 112
84 37
83 37
82 37
81 37
116 111
80 37
79 37
78 37
77 37
76 37
75 37
74 37
73 37
116 110
72 37
71 37
70 37
69 37
68 37
67 37
66 37
65 37
64 37
116 109
63 37
62 37
116 108
61 37
116 107
116 106
116 105
116 104
60 37
59 37
116 103
116 102
58 37
60 124
57 37
56 37
55 37
54 37
53 37
52 37
51 37
50 37
116 101
49 37
48 37
116 100
47 37
46 37
61 124
45 37
116 99
44 37
43 37
42 37
41 37
116 98
40 37
39 37
38 37
37 37
116 97
36 37
116 96
116 95
36 38
116 94
116 93
116 92
116 91
36 39
116 90
36 40
36 41
36 42
116 89
36 43
36 44
36 45
116 88
36 46
116 87
116 86
36 47
36 48
36 49
116 85
36 50
36 51
116 84
118 0
36 52
36 53
36 54
36 55
36 56
36 57
36 58
36 59
116 83
36 60
116 82
36 61
116 81
36 62
116 80
116 79
36 63
36 64
36 65
36 66
62 124
116 78
63 124
36 67
36 68
36 69
36 70
36 71
36 72
36 73
36 74
36 75
36 76
36 77
36 78
36 79
36 80
36 81
36 82
116 77
36 83
36 84
36 85
36 86
64 124
65 124
36 87
116 76
36 88
36 89
116 75
37 89
38 89
116 74
39 89
40 89
41 89
42 89
43 89
116 73
116 72
44 89
45 89
46 89
47 89
116 71
48 89
116 70
116 69
49 89
116 68
50 89
51 89
52 89
53 89
54 89
55 89
66 124
56 89
57 89
58 89
116 67
59 89
60 89
61 89
116 66
116 65
116 64
116 63
62 89
116 62
63 89
116 61
64 89
116 60
116 59
65 89
66 89
116 58
67 89
68 89
69 89
70 89
116 57
71 89
72 89
73 89
74 89
116 56
75 89
76 89
116 55
67 124
77 89
116 54
78 89
116 53
79 89
68 124
116 52
80 89
116 51
69 124
116 50
81 89
82 89
116 49
116 48
116 47
83 89
70 124
84 89
116 46
85 89
116 45
86 89
87 89
88 89
116 44
71 124
89 89
72 124
89 88
89 87
89 86
89 85
89 84
116 43
89 83
89 82
89 81
116 42
89 80
89 79
73 124
89 78
116 41
116 40
116 39
89 77
89 76
89 75
89 74
116 38
89 73
89 72
89 71
116 37
89 70
116 36
89 69
89 68
89 67
89 66
89 65
89 64
89 63
89 62
74 124
89 61
89 60
89 59
89 58
89 57
116 35
89 56
89 55
89 54
116 34
89 53
117 0
75 124
116 33
116 32
89 52
76 124
89 51
89 50
89 49
89 48
116 31
89 47
116 30
89 46
89 45
77 124
89 44
89 43
89 42
89 41
89 40
89 39
89 38
89 37
89 36
88 36
78 124
87 36
116 29
86 36
85 36
116 28
84 36
83 36
82 36
116 27
81 36
80 36
79 36
116 26
116 25
116 24
116 23
116 22
78 36
116 21
116 20
77 36
76 36
75 36
74 36
73 36
72 36
71 36
70 36
116 19
69 36
68 36
67 36
66 36
116 18
65 36
79 124
64 36
63 36
62 36
61 36
60 36
59 36
58 36
57 36
116 17
56 36
55 36
54 36
53 36
116 16
116 15
116 14
116 13
52 36
51 36
50 36
116 12
49 36
80 124
48 36
47 36
46 36
45 36
44 36
43 36
116 0
116 11
116 10
116 9
42 36
41 36
40 36
115 9
39 36
114 9
38 36
37 36
36 36
35 36
81 124
113 9
35 37
35 38
112 9
111 9
35 39
35 40
110 9
109 9
35 41
35 42
35 43
35 44
35 45
35 46
108 9
35 47
107 9
35 48
35 49
35 50
35 51
35 52
106 9
105 9
104 9
35 53
35 54
35 55
35 56
35 57
35 58
35 59
35 60
35 61
103 9
35 62
102 9
35 63
101 9
35 64
100 9
35 65
35 66
35 67
99 9
35 68
35 69
98 9
97 9
96 9
35 70
35 71
95 9
35 72
35 73
35 74
35 75
35 76
94 9
35 77
35 78
35 79
35 80
93 9
35 81
35 82
92 9
35 83
35 84
35 85
82 124
35 86
83 124
35 87
91 9
35 88
35 89
35 90
90 9
36 90
37 90
38 90
39 90
89 9
88 9
40 90
87 9
86 9
41 90
84 124
42 90
43 90
44 90
45 90
46 90
47 90
48 90
49 90
50 90
51 90
85 9
52 90
53 90
84 9
54 90
55 90
56 90
83 9
57 90
58 90
82 9
81 9
59 90
80 9
60 90
61 90
85 124
62 90
79 9
63 90
78 9
77 9
86 124
64 90
76 9
75 9
65 90
66 90
74 9
73 9
67 90
72 9
71 9
68 90
69 90
70 9
69 9
70 90
71 90
72 90
73 90
68 9
74 90
75 90
76 90
67 9
77 90
78 90
66 9
87 124
79 90
80 90
65 9
64 9
63 9
81 90
82 90
83 90
88 124
84 90
85 90
62 9
86 90
87 90
88 90
61 9
60 9
89 90
90 90
90 89
90 88
90 87
59 9
90 86
90 85
58 9
90 84
90 83
90 82
90 81
90 80
90 79
57 9
56 9
90 78
90 77
55 9
54 9
90 76
90 75
90 74
90 73
89 124
90 72
115 0
90 71
90 70
53 9
90 69
90 68
90 67
90 66
90 124
52 9
90 65
90 64
90 63
90 62
90 61
90 60
51 9
90 59
50 9
90 58
90 57
49 9
90 56
90 55
48 9
90 54
90 53
90 52
47 9
90 51
90 50
46 9
90 49
90 48
90 47
90 46
90 45
90 44
90 43
91 124
90 42
90 41
45 9
90 40
44 9
90 39
90 38
90 37
90 36
90 35
43 9
89 35
88 35
87 35
86 35
42 9
41 9
85 35
84 35
83 35
82 35
40 9
39 9
81 35
80 35
79 35
78 35
38 9
77 35
76 35
37 9
75 35
74 35
73 35
72 35
71 35
70 35
69 35
68 35
67 35
36 9
66 35
65 35
35 9
34 9
64 35
33 9
63 35
62 35
61 35
32 9
31 9
92 124
60 35
59 35
30 9
58 35
29 9
93 124
57 35
56 35
28 9
55 35
27 9
26 9
54 35
53 35
25 9
52 35
24 9
94 124
51 35
50 35
49 35
48 35
47 35
23 9
46 35
95 124
22 9
45 35
44 35
21 9
43 35
42 35
41 35
40 35
20 9
39 35
19 9
38 35
96 124
37 35
36 35
35 35
34 35
18 9
17 9
16 9
34 36
34 37
15 9
14 9
34 38
13 9
12 9
114 0
97 124
11 9
34 39
34 40
10 9
9 9
8 9
34 41
8 10
8 11
8 12
8 13
8 14
34 42
34 43
34 44
34 45
34 46
34 47
34 48
34 49
34 50
34 51
34 52
34 53
34 54
34 55
8 15
8 16
34 56
8 17
34 57
34 58
8 18
8 19
34 59
34 60
8 20
34 61
34 62
34 63
34 64
8 21
34 65
34 66
34 67
34 68
34 69
8 22
8 23
8 24
34 70
98 124
34 71
34 72
34 73
8 25
8 26
34 74
34 75
8 27
34 76
34 77
34 78
34 79
8 28
34 80
34 81
8 29
34 82
34 83
34 84
8 30
34 85
8 31
8 32
8 33
34 86
8 34
34 87
34 88
34 89
8 35
34 90
34 91
35 91
36 91
8 36
37 91
38 91
39 91
40 91
41 91
42 91
43 91
8 37
44 91
45 91
99 124
46 91
47 91
48 91
49 91
50 91
8 38
8 39
51 91
8 40
100 124
52 91
53 91
54 91
55 91
56 91
57 91
8 41
58 91
8 42
101 124
59 91
60 91
61 91
62 91
63 91
64 91
65 91
66 91
67 91
68 91
8 43
69 91
8 44
8 45
70 91
8 46
71 91
8 47
8 48
72 91
8 49
73 91
74 91
75 91
76 91
8 50
77 91
78 91
8 51
8 52
79 91
80 91
81 91
82 91
83 91
8 53
84 91
85 91
86 91
87 91
88 91
89 91
90 91
91 91
91 90
102 124
91 89
91 88
91 87
91 86
8 54
103 124
91 85
91 84
91 83
91 82
91 81
91 80
91 79
91 78
8 55
91 77
91 76
104 124
91 75
91 74
8 56
91 73
8 57
91 72
91 71
91 70
8 58
8 59
91 69
105 124
8 60
91 68
91 67
91 66
91 65
106 124
107 124
91 64
91 63
8 61
91 62
91 61
91 60
91 59
8 62
91 58
108 124
8 63
8 64
91 57
91 56
91 55
91 54
91 53
8 65
8 66
8 67
91 52
91 51
91 50
91 49
91 48
91 47
91 46
91 45
91 44
91 43
91 42
8 68
91 41
8 69
91 40
91 39
91 38
8 70
91 37
8 71
91 36
91 35
91 34
90 34
89 34
8 72
88 34
87 34
86 34
85 34
84 34
83 34
109 124
110 124
82 34
81 34
80 34
79 34
78 34
77 34
8 73
8 74
76 34
8 75
75 34
74 34
111 124
8 76
8 77
112 124
73 34
72 34
71 34
113 124
8 78
70 34
69 34
114 124
8 79
68 34
8 80
67 34
8 81
66 34
65 34
8 82
8 83
8 84
64 34
63 34
8 85
62 34
61 34
8 86
60 34
59 34
8 87
58 34
57 34
8 88
115 124
56 34
116 124
55 34
8 89
54 34
8 90
53 34
52 34
8 91
51 34
117 124
118 124
8 92
50 34
8 93
49 34
48 34
47 34
46 34
45 34
44 34
8 94
43 34
42 34
8 95
41 34
40 34
39 34
8 96
38 34
37 34
8 97
36 34
8 98
35 34
8 99
34 34
8 100
33 34
33 35
8 101
8 102
33 36
33 37
119 124
8 103
33 38
33 39
33 40
33 41
8 104
33 42
33 43
33 44
8 105
33 45
33 46
8 106
33 47
8 107
33 48
33 49
8 108
8 109
8 110
8 111
33 50
33 51
33 52
33 53
33 54
33 55
8 112
8 113
8 114
8 115
33 56
8 116
33 57
8 117
33 58
33 59
9 117
33 60
33 61
10 117
33 62
33 63
33 64
33 65
33 66
33 67
33 68
11 117
12 117
33 69
33 70
13 117
33 71
33 72
33 73
14 117
15 117
120 124
33 74
33 75
33 76
33 77
33 78
33 79
121 124
33 80
33 81
16 117
33 82
33 83
17 117
33 84
33 85
33 86
122 124
18 117
19 117
33 87
33 88
20 117
33 89
21 117
22 117
33 90
23 117
33 91
33 92
34 92
24 117
35 92
36 92
25 117
37 92
38 92
39 92
26 117
27 117
40 92
28 117
41 92
42 92
43 92
29 117
30 117
44 92
45 92
123 124
46 92
31 117
47 92
48 92
32 117
49 92
50 92
51 92
52 92
33 117
34 117
53 92
54 92
35 117
55 92
56 92
57 92
58 92
59 92
36 117
60 92
37 117
38 117
61 92
62 92
39 117
40 117
41 117
63 92
64 92
124 124
65 92
66 92
67 92
68 92
69 92
42 117
43 117
70 92
44 117
71 92
45 117
72 92
73 92
46 117
74 92
124 123
124 122
75 92
76 92
47 117
77 92
124 121
78 92
79 92
124 120
80 92
81 92
48 117
49 117
82 92
50 117
83 92
84 92
85 92
124 119
51 117
86 92
87 92
88 92
89 92
52 117
90 92
91 92
92 92
92 91
53 117
92 90
54 117
92 89
92 88
124 118
92 87
124 117
92 86
55 117
124 116
56 117
57 117
92 85
92 84
92 83
92 82
58 117
59 117
60 117
92 81
92 80
92 79
92 78
124 115
92 77
92 76
92 75
92 74
92 73
61 117
92 72
62 117
92 71
92 70
92 69
92 68
63 117
92 67
92 66
92 65
92 64
64 117
92 63
124 114
124 113
65 117
92 62
92 61
92 60
66 117
92 59
92 58
124 112
92 57
92 56
92 55
92 54
67 117
124 111
68 117
69 117
92 53
92 52
92 51
92 50
92 49
92 48
67 0
92 47
92 46
92 45
70 117
92 44
71 117
72 117
92 43
92 42
92 41
73 117
92 40
74 117
92 39
92 38
92 37
75 117
92 36
92 35
92 34
124 110
76 117
92 33
77 117
124 109
78 117
91 33
79 117
90 33
89 33
80 117
81 117
124 108
88 33
87 33
86 33
85 33
82 117
83 117
84 33
84 117
85 117
83 33
82 33
81 33
80 33
86 117
87 117
79 33
88 117
78 33
77 33
76 33
89 117
75 33
74 33
90 117
73 33
91 117
92 117
72 33
71 33
93 117
94 117
95 117
70 33
69 33
68 33
67 33
96 117
66 33
65 33
97 117
98 117
64 33
99 117
63 33
100 117
62 33
61 33
60 33
101 117
59 33
58 33
102 117
103 117
57 33
56 33
124 107
104 117
55 33
54 33
53 33
124 106
124 105
52 33
51 33
50 33
49 33
48 33
47 33
105 117
46 33
45 33
44 33
43 33
106 117
107 117
108 117
109 117
110 117
42 33
41 33
40 33
39 33
38 33
37 33
124 104
36 33
111 117
124 103
35 33
34 33
112 117
113 117
33 33
32 33
114 117
32 34
115 117
32 35
32 36
32 37
32 38
32 39
32 40
32 41
124 102
32 42
124 101
124 100
124 99
32 43
32 44
32 45
116 117
32 46
117 117
117 116
32 47
117 115
32 48
32 49
117 114
32 50
117 113
124 98
32 51
117 112
32 52
32 53
117 111
32 54
117 110
32 55
117 109
32 56
32 57
32 58
32 59
32 60
32 61
117 108
124 97
32 62
124 96
32 63
32 64
32 65
32 66
117 107
32 67
32 68
32 69
32 70
32 71
32 72
32 73
32 74
32 75
32 76
32 77
117 106
32 78
32 79
32 80
32 81
32 82
32 83
32 84
32 85
32 86
117 105
117 104
32 87
117 103
117 102
32 88
124 95
117 101
32 89
117 100
124 94
124 93
117 99
32 90
117 98
32 91
32 92
124 92
32 93
33 93
34 93
35 93
36 93
117 97
37 93
38 93
117 96
39 93
40 93
41 93
117 95
42 93
117 94
43 93
44 93
45 93
46 93
117 93
117 92
47 93
48 93
117 91
117 90
49 93
124 91
50 93
51 93
52 93
53 93
54 93
117 89
55 93
56 93
57 93
58 93
117 88
117 87
117 86
59 93
60 93
117 85
61 93
62 93
117 84
63 93
117 83
64 93
65 93
66 93
67 93
117 82
117 81
117 80
68 93
69 93
70 93
71 93
72 93
73 93
117 79
74 93
75 93
76 93
77 93
78 93
117 78
79 93
80 93
81 93
82 93
124 90
117 77
117 76
83 93
117 75
117 74
117 73
117 72
117 71
117 70
84 93
85 93
86 93
87 93
88 93
89 93
90 93
91 93
117 69
92 93
117 68
93 93
117 67
117 66
93 92
93 91
93 90
93 89
93 88
117 65
93 87
93 86
93 85
93 84
93 83
93 82
93 81
93 80
93 79
117 64
93 78
93 77
93 76
93 75
93 74
93 73
117 63
93 72
93 71
117 62
117 61
93 70
93 69
93 68
93 67
93 66
93 65
93 64
117 60
117 59
117 58
93 63
93 62
93 61
117 57
93 60
93 59
93 58
117 56
93 57
93 56
93 55
93 54
93 53
93 52
117 55
117 54
117 53
113 0
93 51
93 50
93 49
117 52
117 51
93 48
93 47
93 46
112 0
93 45
93 44
124 89
93 43
117 50
93 42
93 41
117 49
93 40
93 39
124 88
124 87
117 48
117 47
93 38
93 37
93 36
93 35
117 46
93 34
93 33
93 32
92 32
91 32
90 32
117 45
89 32
88 32
117 44
87 32
117 43
86 32
85 32
84 32
83 32
117 42
117 41
82 32
117 40
117 39
81 32
117 38
80 32
79 32
78 32
117 37
117 36
77 32
76 32
75 32
124 86
74 32
111 0
73 32
117 35
72 32
117 34
71 32
70 32
117 33
117 32
69 32
68 32
67 32
117 31
66 32
117 30
65 32
64 32
63 32
62 32
61 32
124 85
117 29
117 28
60 32
59 32
58 32
57 32
56 32
117 27
55 32
54 32
53 32
52 32
124 84
117 26
51 32
117 25
50 32
117 24
49 32
48 32
47 32
46 32
117 23
45 32
44 32
43 32
42 32
117 22
41 32
117 21
40 32
117 20
39 32
38 32
37 32
36 32
35 32
34 32
117 19
33 32
32 32
117 18
31 32
31 33
31 34
31 35
31 36
117 17
124 83
117 16
31 37
31 38
31 39
31 40
31 41
31 42
117 15
31 43
117 14
117 13
31 44
31 45
31 46
117 12
124 82
31 47
117 11
31 48
31 49
31 50
31 51
124 81
117 10
31 52
31 53
31 54
31 55
117 9
117 8
31 56
116 8
31 57
31 58
31 59
31 60
31 61
115 8
31 62
114 8
31 63
113 8
31 64
31 65
112 8
31 66
31 67
31 68
111 8
31 69
31 70
31 71
31 72
31 73
124 80
31 74
110 8
124 79
31 75
31 76
109 8
31 77
31 78
31 79
108 8
31 80
31 81
31 82
107 8
106 8
105 8
104 8
31 83
31 84
31 85
103 8
31 86
124 78
31 87
102 8
101 8
31 88
100 8
31 89
31 90
99 8
31 91
31 92
31 93
31 94
32 94
33 94
124 77
34 94
124 76
35 94
36 94
37 94
38 94
39 94
40 94
98 8
97 8
41 94
42 94
96 8
43 94
95 8
94 8
44 94
45 94
93 8
92 8
91 8
90 8
46 94
89 8
47 94
48 94
49 94
50 94
88 8
87 8
51 94
52 94
53 94
54 94
55 94
86 8
56 94
85 8
57 94
84 8
58 94
59 94
60 94
83 8
61 94
62 94
63 94
64 94
65 94
82 8
66 94
124 75
67 94
68 94
81 8
80 8
69 94
70 94
79 8
71 94
72 94
78 8
73 94
74 94
75 94
76 94
77 8
77 94
78 94
79 94
76 8
80 94
81 94
82 94
83 94
84 94
85 94
86 94
75 8
74 8
87 94
88 94
89 94
73 8
90 94
72 8
71 8
91 94
92 94
70 8
93 94
69 8
94 94
68 8
67 8
94 93
94 92
94 91
94 90
66 8
94 89
94 88
94 87
94 86
124 74
65 8
94 85
94 84
64 8
63 8
62 8
94 83
94 82
94 81
61 8
94 80
60 8
124 73
59 8
58 8
94 79
57 8
94 78
56 8
94 77
94 76
94 75
94 74
94 73
94 72
124 72
55 8
94 71
94 70
94 69
94 68
94 67
54 8
94 66
53 8
94 65
52 8
94 64
94 63
94 62
94 61
94 60
94 59
94 58
94 57
94 56
51 8
94 55
50 8
49 8
94 54
94 53
48 8
47 8
46 8
94 52
45 8
124 71
94 51
44 8
43 8
94 50
94 49
124 70
94 48
94 47
42 8
94 46
41 8
94 45
124 69
94 44
40 8
94 43
94 42
39 8
38 8
94 41
94 40
94 39
124 68
94 38
94 37
94 36
37 8
36 8
94 35
94 34
35 8
34 8
94 33
94 32
94 31
33 8
93 31
92 31
91 31
90 31
124 67
89 31
88 31
87 31
86 31
85 31
84 31
32 8
83 31
31 8
30 8
29 8
124 66
82 31
81 31
80 31
28 8
79 31
27 8
26 8
124 65
124 64
78 31
77 31
76 31
75 31
25 8
74 31
24 8
73 31
72 31
71 31
23 8
70 31
124 63
69 31
68 31
67 31
66 31
65 31
64 31
63 31
62 31
61 31
22 8
60 31
21 8
20 8
59 31
58 31
19 8
57 31
18 8
56 31
55 31
54 31
124 62
17 8
53 31
16 8
52 31
15 8
51 31
50 31
49 31
14 8
13 8
48 31
47 31
12 8
46 31
45 31
44 31
11 8
43 31
10 8
9 8
42 31
41 31
8 8
40 31
39 31
38 31
37 31
7 8
7 9
7 10
36 31
124 61
35 31
7 11
34 31
7 12
7 13
33 31
32 31
7 14
7 15
31 31
30 31
30 32
7 16
30 33
7 17
30 34
30 35
30 36
7 18
30 37
30 38
30 39
30 40
7 19
30 41
7 20
30 42
7 21
30 43
7 22
30 44
7 23
30 45
7 24
30 46
124 60
30 47
124 59
30 48
7 25
30 49
30 50
30 51
30 52
30 53
30 54
7 26
30 55
30 56
30 57
7 27
7 28
30 58
30 59
30 60
7 29
30 61
30 62
7 30
30 63
30 64
30 65
7 31
7 32
30 66
30 67
7 33
7 34
30 68
7 35
7 36
30 69
7 37
30 70
30 71
124 58
30 72
30 73
30 74
30 75
30 76
7 38
30 77
7 39
30 78
7 40
30 79
7 41
30 80
30 81
7 42
30 82
30 83
7 43
30 84
7 44
30 85
30 86
30 87
30 88
30 89
30 90
7 45
7 46
7 47
30 91
30 92
30 93
124 57
30 94
7 48
7 49
30 95
7 50
7 51
31 95
32 95
7 52
33 95
34 95
35 95
124 56
124 55
36 95
37 95
7 53
38 95
124 54
39 95
7 54
40 95
7 55
110 0
41 95
7 56
7 57
7 58
7 59
7 60
124 53
42 95
7 61
109 0
7 62
7 63
43 95
44 95
45 95
7 64
46 95
47 95
48 95
49 95
50 95
7 65
7 66
124 52
51 95
52 95
53 95
54 95
7 67
55 95
7 68
7 69
124 51
56 95
57 95
58 95
7 70
7 71
59 95
7 72
60 95
61 95
62 95
63 95
64 95
7 73
7 74
7 75
7 76
65 95
66 95
67 95
7 77
7 78
68 95
7 79
7 80
69 95
7 81
7 82
70 95
71 95
7 83
72 95
73 95
74 95
75 95
7 84
76 95
77 95
7 85
7 86
7 87
78 95
79 95
80 95
81 95
7 88
7 89
7 90
7 91
82 95
83 95
84 95
85 95
124 50
124 49
86 95
87 95
88 95
7 92
7 93
7 94
89 95
90 95
7 95
91 95
92 95
93 95
7 96
7 97
94 95
95 95
95 94
95 93
95 92
7 98
124 48
7 99
7 100
7 101
95 91
95 90
124 47
7 102
95 89
95 88
7 103
95 87
7 104
95 86
95 85
95 84
7 105
95 83
95 82
7 106
95 81
95 80
95 79
95 78
7 107
7 108
95 77
95 76
7 109
95 75
7 110
95 74
7 111
7 112
95 73
7 113
7 114
95 72
7 115
95 71
95 70
95 69
7 116
124 46
95 68
95 67
95 66
95 65
95 64
7 117
95 63
95 62
95 61
95 60
95 59
7 118
8 118
9 118
95 58
10 118
95 57
124 45
11 118
124 44
95 56
124 43
95 55
12 118
95 54
13 118
95 53
95 52
95 51
95 50
95 49
95 48
95 47
14 118
15 118
16 118
17 118
95 46
18 118
95 45
95 44
95 43
19 118
95 42
95 41
95 40
95 39
95 38
20 118
95 37
95 36
95 35
95 34
95 33
95 32
124 42
95 31
21 118
95 30
22 118
124 41
108 0
23 118
24 118
25 118
94 30
26 118
93 30
27 118
92 30
91 30
90 30
89 30
88 30
87 30
86 30
85 30
84 30
83 30
82 30
81 30
124 40
28 118
124 39
80 30
79 30
29 118
78 30
77 30
30 118
76 30
31 118
75 30
74 30
73 30
72 30
71 30
32 118
33 118
124 38
34 118
70 30
69 30
35 118
68 30
67 30
36 118
66 30
37 118
38 118
39 118
65 30
64 30
63 30
40 118
62 30
41 118
42 118
43 118
61 30
44 118
60 30
59 30
58 30
57 30
56 30
55 30
45 118
54 30
53 30
46 118
52 30
51 30
47 118
50 30
124 37
49 30
48 118
48 30
47 30
46 30
45 30
49 118
44 30
43 30
42 30
124 36
41 30
40 30
39 30
38 30
50 118
37 30
36 30
35 30
34 30
33 30
32 30
31 30
30 30
29 30
51 118
29 31
29 32
124 35
29 33
52 118
29 34
29 35
53 118
29 36
29 37
29 38
29 39
29 40
29 41
29 42
124 34
54 118
29 43
55 118
124 33
56 118
29 44
29 45
29 46
29 47
29 48
57 118
29 49
29 50
29 51
29 52
29 53
29 54
29 55
29 56
29 57
29 58
29 59
29 60
29 61
29 62
58 118
29 63
29 64
59 118
29 65
29 66
29 67
60 118
29 68
29 69
61 118
29 70
29 71
29 72
29 73
29 74
29 75
124 32
62 118
29 76
124 31
63 118
29 77
124 30
29 78
29 79
29 80
29 81
124 29
64 118
65 118
29 82
66 118
67 118
29 83
29 84
68 118
29 85
29 86
69 118
29 87
29 88
70 118
29 89
29 90
71 118
29 91
29 92
72 118
29 93
73 118
29 94
29 95
74 118
29 96
30 96
31 96
32 96
33 96
34 96
75 118
107 0
35 96
76 118
36 96
37 96
124 28
38 96
39 96
40 96
77 118
41 96
42 96
43 96
44 96
45 96
78 118
46 96
79 118
80 118
81 118
82 118
47 96
48 96
49 96
50 96
51 96
52 96
83 118
84 118
53 96
54 96
55 96
85 118
56 96
57 96
58 96
59 96
60 96
86 118
61 96
62 96
87 118
63 96
64 96
65 96
66 96
88 118
89 118
67 96
68 96
90 118
69 96
91 118
70 96
71 96
72 96
92 118
73 96
93 118
74 96
75 96
76 96
124 27
77 96
78 96
79 96
80 96
81 96
124 26
82 96
83 96
84 96
124 25
85 96
86 96
87 96
94 118
88 96
89 96
95 118
90 96
96 118
91 96
92 96
93 96
94 96
95 96
96 96
96 95
97 118
96 94
96 93
96 92
96 91
96 90
96 89
98 118
96 88
99 118
100 118
96 87
96 86
96 85
101 118
96 84
96 83
96 82
96 81
102 118
103 118
96 80
104 118
96 79
105 118
106 118
96 78
96 77
107 118
108 118
96 76
96 75
96 74
109 118
96 73
96 72
96 71
96 70
110 118
96 69
96 68
96 67
96 66
96 65
96 64
96 63
96 62
96 61
96 60
124 24
96 59
111 118
96 58
96 57
96 56
96 55
96 54
96 53
96 52
112 118
113 118
114 118
96 51
124 23
96 50
115 118
96 49
96 48
124 22
96 47
116 118
117 118
96 46
124 21
118 118
96 45
118 117
118 116
96 44
96 43
96 42
96 41
96 40
118 115
118 114
96 39
96 38
118 113
96 37
96 36
96 35
96 34
118 112
96 33
96 32
96 31
96 30
96 29
118 111
95 29
94 29
93 29
92 29
118 110
91 29
90 29
118 109
89 29
118 108
88 29
118 107
87 29
118 106
86 29
85 29
84 29
83 29
118 105
118 104
118 103
82 29
118 102
81 29
118 101
80 29
79 29
118 100
78 29
77 29
76 29
118 99
75 29
118 98
118 97
74 29
73 29
118 96
72 29
118 95
118 94
124 20
71 29
70 29
69 29
68 29
67 29
66 29
65 29
64 29
63 29
62 29
61 29
60 29
59 29
58 29
124 19
124 18
124 17
118 93
118 92
118 91
57 29
56 29
55 29
54 29
53 29
124 16
118 90
118 89
52 29
51 29
118 88
50 29
49 29
48 29
47 29
46 29
45 29
44 29
43 29
42 29
118 87
118 86
118 85
41 29
40 29
118 84
39 29
118 83
118 82
118 81
38 29
37 29
118 80
124 15
118 79
36 29
35 29
34 29
33 29
118 78
32 29
31 29
118 77
30 29
29 29
28 29
28 30
28 31
28 32
118 76
118 75
28 33
28 34
28 35
28 36
28 37
28 38
28 39
28 40
28 41
118 74
28 42
28 43
28 44
118 73
118 72
118 71
28 45
118 70
28 46
28 47
28 48
28 49
28 50
124 14
118 69
28 51
118 68
118 67
28 52
118 66
28 53
28 54
28 55
28 56
28 57
124 13
28 58
28 59
28 60
118 65
28 61
28 62
118 64
28 63
28 64
28 65
118 63
124 12
28 66
28 67
118 62
118 61
28 68
28 69
28 70
28 71
118 60
28 72
28 73
28 74
124 11
28 75
28 76
28 77
28 78
118 59
28 79
28 80
28 81
124 10
28 82
28 83
28 84
28 85
118 58
118 57
28 86
118 56
28 87
118 55
28 88
28 89
118 54
28 90
118 53
28 91
28 92
28 93
118 52
28 94
28 95
118 51
28 96
28 97
29 97
118 50
30 97
31 97
32 97
33 97
34 97
35 97
36 97
37 97
38 97
118 49
39 97
40 97
41 97
42 97
43 97
44 97
45 97
124 9
46 97
47 97
118 48
118 47
48 97
49 97
50 97
124 8
118 46
51 97
118 45
52 97
53 97
54 97
118 44
55 97
56 97
57 97
58 97
118 43
59 97
118 42
60 97
61 97
118 41
118 40
62 97
63 97
124 7
118 39
118 38
64 97
65 97
118 37
66 97
118 36
124 6
118 35
67 97
68 97
69 97
70 97
71 97
124 5
72 97
73 97
74 97
75 97
76 97
77 97
118 34
78 97
79 97
80 97
118 33
81 97
82 97
83 97
84 97
85 97
106 0
118 32
86 97
118 31
118 30
87 97
88 97
89 97
118 29
90 97
91 97
124 4
118 28
124 3
92 97
93 97
94 97
95 97
96 97
97 97
118 27
97 96
97 95
97 94
97 93
97 92
97 91
124 2
97 90
97 89
118 26
97 88
97 87
97 86
118 25
97 85
97 84
118 24
118 23
118 22
97 83
105 0
97 82
97 81
97 80
97 79
118 21
118 20
97 78
97 77
97 76
124 1
97 75
97 74
97 73
97 72
97 71
118 19
123 1
97 70
118 18
122 1
97 69
97 68
97 67
97 66
97 65
97 64
97 63
118 17
118 16
97 62
118 15
118 14
97 61
118 13
97 60
97 59
118 12
118 11
118 10
97 58
97 57
97 56
118 9
97 55
97 54
97 53
118 8
118 7
121 1
117 7
116 7
97 52
97 51
97 50
97 49
97 48
97 47
97 46
115 7
97 45
114 7
113 7
112 7
97 44
97 43
111 7
110 7
97 42
109 7
97 41
97 40
97 39
97 38
120 1
97 37
97 36
97 35
108 7
97 34
97 33
119 1
97 32
97 31
118 1
107 7
117 1
106 7
97 30
105 7
97 29
97 28
104 7
96 28
95 28
103 7
94 28
93 28
92 28
102 7
101 7
91 28
100 7
90 28
89 28
88 28
87 28
99 7
116 1
86 28
85 28
84 28
98 7
97 7
83 28
82 28
81 28
96 7
80 28
79 28
95 7
78 28
77 28
115 1
76 28
94 7
114 1
75 28
74 28
73 28
72 28
71 28
70 28
69 28
68 28
93 7
67 28
66 28
92 7
91 7
65 28
64 28
63 28
62 28
61 28
60 28
59 28
58 28
57 28
56 28
55 28
54 28
53 28
52 28
51 28
50 28
49 28
48 28
90 7
47 28
46 28
89 7
45 28
44 28
43 28
42 28
41 28
40 28
39 28
38 28
88 7
87 7
86 7
37 28
36 28
35 28
34 28
33 28
32 28
31 28
30 28
113 1
29 28
28 28
27 28
27 29
27 30
27 31
27 32
27 33
27 34
27 35
27 36
27 37
27 38
85 7
27 39
27 40
27 41
27 42
27 43
112 1
27 44
84 7
83 7
27 45
27 46
82 7
27 47
27 48
27 49
81 7
27 50
80 7
79 7
27 51
111 1
27 52
78 7
27 53
27 54
27 55
27 56
77 7
27 57
27 58
76 7
75 7
27 59
27 60
74 7
27 61
27 62
73 7
110 1
27 63
72 7
71 7
27 64
27 65
109 1
70 7
27 66
27 67
27 68
27 69
69 7
27 70
27 71
27 72
68 7
27 73
27 74
27 75
27 76
27 77
67 7
27 78
27 79
66 7
27 80
27 81
27 82
27 83
27 84
27 85
65 7
27 86
64 7
63 7
27 87
27 88
108 1
62 7
27 89
61 7
60 7
27 90
59 7
27 91
27 92
27 93
27 94
27 95
58 7
27 96
27 97
27 98
28 98
29 98
30 98
31 98
32 98
57 7
33 98
34 98
56 7
55 7
54 7
35 98
36 98
53 7
37 98
52 7
51 7
38 98
107 1
39 98
40 98
41 98
42 98
43 98
44 98
45 98
46 98
50 7
47 98
49 7
48 98
48 7
47 7
46 7
49 98
50 98
51 98
45 7
52 98
53 98
44 7
43 7
42 7
106 1
54 98
55 98
41 7
56 98
57 98
40 7
39 7
38 7
58 98
37 7
36 7
59 98
60 98
61 98
62 98
63 98
64 98
65 98
104 0
66 98
67 98
35 7
34 7
68 98
69 98
33 7
32 7
70 98
71 98
31 7
72 98
73 98
30 7
74 98
75 98
76 98
77 98
78 98
79 98
29 7
80 98
28 7
81 98
82 98
83 98
84 98
105 1
85 98
86 98
87 98
27 7
26 7
88 98
89 98
25 7
90 98
91 98
24 7
92 98
93 98
94 98
95 98
23 7
96 98
97 98
22 7
98 98
21 7
98 97
98 96
98 95
98 94
98 93
98 92
98 91
20 7
19 7
98 90
98 89
18 7
98 88
98 87
17 7
16 7
98 86
15 7
98 85
98 84
98 83
104 1
98 82
98 81
14 7
98 80
98 79
98 78
98 77
13 7
98 76
98 75
12 7
11 7
98 74
103 1
10 7
98 73
98 72
9 7
8 7
98 71
98 70
98 69
98 68
102 1
7 7
98 67
98 66
98 65
98 64
98 63
98 62
6 7
98 61
98 60
98 59
6 8
98 58
98 57
101 1
98 56
6 9
6 10
6 11
6 12
98 55
98 54
100 1
98 53
98 52
98 51
98 50
98 49
6 13
6 14
98 48
98 47
98 46
98 45
98 44
98 43
98 42
99 1
6 15
98 41
6 16
6 17
98 40
98 39
98 1
98 38
97 1
6 18
6 19
98 37
6 20
98 36
6 21
98 35
98 34
98 33
6 22
98 32
98 31
6 23
6 24
98 30
96 1
98 29
98 28
95 1
6 25
6 26
98 27
97 27
96 27
6 27
94 1
95 27
6 28
94 27
93 27
92 27
91 27
90 27
89 27
93 1
88 27
92 1
87 27
86 27
85 27
6 29
84 27
91 1
83 27
90 1
82 27
6 30
81 27
80 27
79 27
78 27
77 27
6 31
6 32
76 27
89 1
6 33
75 27
74 27
88 1
73 27
72 27
71 27
70 27
6 34
69 27
68 27
67 27
6 35
6 36
6 37
6 38
6 39
66 27
65 27
64 27
6 40
63 27
6 41
62 27
61 27
60 27
59 27
6 42
58 27
57 27
56 27
55 27
54 27
53 27
52 27
51 27
50 27
49 27
48 27
47 27
6 43
46 27
6 44
45 27
44 27
43 27
42 27
41 27
6 45
40 27
39 27
38 27
37 27
6 46
36 27
35 27
34 27
6 47
6 48
33 27
32 27
31 27
6 49
87 1
30 27
29 27
28 27
27 27
86 1
85 1
26 27
26 28
6 50
26 29
26 30
84 1
26 31
26 32
26 33
26 34
6 51
83 1
26 35
6 52
26 36
26 37
26 38
26 39
6 53
26 40
26 41
26 42
26 43
26 44
26 45
82 1
26 46
6 54
6 55
26 47
26 48
103 0
26 49
26 50
6 56
6 57
26 51
6 58
26 52
6 59
26 53
26 54
6 60
26 55
26 56
26 57
26 58
26 59
26 60
6 61
81 1
6 62
26 61
102 0
6 63
26 62
6 64
6 65
26 63
26 64
26 65
26 66
26 67
26 68
6 66
26 69
6 67
6 68
6 69
26 70
6 70
26 71
6 71
26 72
26 73
26 74
6 72
26 75
80 1
26 76
26 77
26 78
26 79
26 80
6 73
26 81
26 82
26 83
6 74
6 75
26 84
26 85
26 86
26 87
6 76
26 88
26 89
26 90
79 1
6 77
26 91
6 78
26 92
6 79
6 80
6 81
26 93
26 94
26 95
26 96
26 97
26 98
26 99
27 99
28 99
6 82
29 99
30 99
31 99
78 1
32 99
33 99
34 99
35 99
6 83
36 99
6 84
6 85
6 86
37 99
38 99
6 87
39 99
40 99
41 99
77 1
42 99
6 88
6 89
43 99
44 99
76 1
45 99
46 99
47 99
6 90
75 1
48 99
74 1
49 99
6 91
6 92
50 99
51 99
52 99
53 99
101 0
54 99
55 99
56 99
57 99
58 99
59 99
60 99
61 99
62 99
63 99
64 99
6 93
6 94
65 99
73 1
66 99
6 95
6 96
72 1
6 97
67 99
68 99
69 99
6 98
70 99
71 99
6 99
72 99
6 100
73 99
6 101
74 99
71 1
6 102
75 99
6 103
76 99
6 104
70 1
77 99
78 99
79 99
80 99
69 1
81 99
82 99
83 99
84 99
68 1
6 105
6 106
85 99
6 107
86 99
6 108
87 99
88 99
6 109
6 110
89 99
90 99
6 111
91 99
6 112
6 113
92 99
93 99
94 99
95 99
6 114
96 99
67 1
6 115
97 99
6 116
98 99
99 99
99 98
99 97
66 1
99 96
6 117
6 118
6 119
7 119
8 119
99 95
9 119
99 94
65 1
10 119
11 119
99 93
64 1
12 119
99 92
13 119
99 91
99 90
99 89
99 88
14 119
15 119
16 119
17 119
18 119
99 87
99 86
99 85
19 119
99 84
63 1
20 119
99 83
99 82
99 81
99 80
99 79
99 78
99 77
99 76
21 119
22 119
99 75
99 74
99 73
99 72
23 119
99 71
99 70
99 69
24 119
99 68
99 67
99 66
99 65
99 64
99 63
99 62
99 61
99 60
99 59
25 119
99 58
99 57
99 56
99 55
99 54
99 53
26 119
27 119
99 52
99 51
99 50
99 49
28 119
99 48
29 119
99 47
30 119
99 46
99 45
99 44
99 43
31 119
32 119
99 42
62 1
99 41
33 119
99 40
99 39
34 119
99 38
35 119
36 119
99 37
99 36
99 35
99 34
61 1
99 33
99 32
99 31
99 30
99 29
99 28
37 119
38 119
99 27
99 26
98 26
97 26
96 26
95 26
94 26
93 26
92 26
39 119
91 26
90 26
40 119
41 119
42 119
89 26
88 26
43 119
44 119
87 26
86 26
45 119
46 119
47 119
85 26
48 119
84 26
83 26
82 26
81 26
80 26
79 26
49 119
78 26
77 26
60 1
50 119
51 119
52 119
76 26
59 1
53 119
54 119
58 1
75 26
74 26
73 26
57 1
72 26
71 26
70 26
56 1
69 26
68 26
67 26
66 26
65 26
64 26
63 26
55 119
56 119
62 26
57 119
55 1
61 26
60 26
59 26
58 26
57 26
56 26
55 26
58 119
59 119
54 26
53 26
60 119
61 119
52 26
51 26
50 26
49 26
48 26
47 26
46 26
45 26
44 26
43 26
62 119
42 26
41 26
63 119
40 26
64 119
39 26
38 26
37 26
36 26
65 119
35 26
34 26
33 26
32 26
66 119
31 26
67 119
30 26
29 26
28 26
68 119
69 119
27 26
26 26
25 26
25 27
70 119
71 119
54 1
25 28
72 119
25 29
25 30
73 119
74 119
75 119
25 31
53 1
25 32
25 33
25 34
25 35
25 36
25 37
76 119
25 38
77 119
25 39
25 40
25 41
78 119
52 1
25 42
79 119
25 43
25 44
25 45
25 46
80 119
25 47
81 119
25 48
25 49
82 119
25 50
83 119
84 119
25 51
25 52
25 53
25 54
25 55
85 119
25 56
25 57
25 58
86 119
87 119
25 59
25 60
25 61
25 62
25 63
88 119
25 64
89 119
51 1
50 1
25 65
25 66
25 67
25 68
25 69
90 119
25 70
25 71
49 1
91 119
25 72
25 73
25 74
25 75
92 119
93 119
25 76
25 77
25 78
94 119
25 79
25 80
25 81
95 119
48 1
96 119
25 82
25 83
25 84
25 85
97 119
98 119
25 86
99 119
25 87
25 88
25 89
25 90
25 91
25 92
25 93
25 94
25 95
25 96
100 119
25 97
25 98
101 119
25 99
25 100
26 100
27 100
28 100
29 100
102 119
30 100
31 100
32 100
33 100
103 119
34 100
104 119
105 119
35 100
36 100
37 100
106 119
38 100
39 100
40 100
107 119
108 119
41 100
42 100
43 100
44 100
109 119
47 1
110 119
111 119
46 1
112 119
113 119
45 100
114 119
115 119
46 100
47 100
48 100
116 119
49 100
50 100
51 100
117 119
52 100
118 119
119 119
53 100
54 100
45 1
55 100
56 100
57 100
58 100
119 118
59 100
44 1
119 117
60 100
61 100
62 100
63 100
64 100
65 100
119 116
66 100
119 115
119 114
67 100
119 113
119 112
119 111
119 110
68 100
69 100
119 109
70 100
71 100
72 100
73 100
43 1
74 100
75 100
76 100
77 100
119 108
78 100
79 100
80 100
81 100
82 100
83 100
119 107
84 100
85 100
86 100
119 106
87 100
119 105
119 104
88 100
89 100
119 103
90 100
119 102
119 101
91 100
92 100
119 100
119 99
93 100
94 100
42 1
95 100
119 98
119 97
96 100
97 100
98 100
119 96
99 100
100 100
119 95
100 99
100 98
100 97
119 94
119 93
119 92
119 91
100 96
119 90
100 95
100 94
100 93
100 92
100 91
100 90
100 89
119 89
119 88
100 88
100 87
119 87
119 86
100 86
100 85
100 84
100 83
100 82
41 1
100 81
100 80
40 1
100 79
100 78
39 1
100 77
100 76
119 85
100 75
119 84
38 1
100 74
100 73
100 72
119 83
119 82
119 81
119 80
119 79
100 71
119 78
119 77
100 70
100 69
100 68
37 1
100 67
119 76
100 66
100 65
36 1
100 64
119 75
119 74
100 63
119 73
100 62
100 61
119 72
119 71
100 60
100 59
35 1
100 58
100 57
119 70
119 69
100 56
100 55
119 68
119 67
100 54
100 53
119 66
100 52
100 51
100 50
119 65
34 1
119 64
100 49
100 48
119 63
33 1
119 62
119 61
100 47
100 46
100 45
100 44
100 43
100 42
119 60
100 41
119 59
100 40
100 39
100 38
100 37
119 58
100 36
119 57
32 1
100 35
100 34
100 33
100 32
100 31
100 30
100 29
100 28
100 27
100 26
119 56
100 25
99 25
98 25
97 25
96 25
119 55
95 25
119 54
119 53
94 25
31 1
93 25
30 1
92 25
119 52
91 25
119 51
90 25
89 25
29 1
88 25
119 50
119 49
87 25
119 48
86 25
85 25
84 25
119 47
83 25
119 46
82 25
81 25
80 25
119 45
119 44
119 43
79 25
119 42
119 41
119 40
78 25
28 1
77 25
76 25
119 39
75 25
119 38
119 37
74 25
73 25
72 25
71 25
119 36
70 25
119 35
119 34
69 25
68 25
67 25
119 33
66 25
65 25
64 25
27 1
63 25
62 25
119 32
119 31
61 25
60 25
26 1
119 30
119 29
59 25
58 25
57 25
56 25
119 28
55 25
54 25
119 27
53 25
52 25
119 26
51 25
50 25
49 25
48 25
47 25
119 25
46 25
100 0
119 24
119 23
45 25
119 22
119 21
44 25
43 25
119 20
119 19
42 25
41 25
40 25
25 1
119 18
39 25
119 17
38 25
37 25
119 16
36 25
119 15
119 14
35 25
34 25
33 25
32 25
31 25
30 25
29 25
28 25
24 1
119 13
27 25
26 25
119 12
23 1
25 25
119 11
24 25
24 26
24 27
24 28
24 29
22 1
24 30
24 31
119 10
24 32
24 33
119 9
24 34
24 35
24 36
24 37
24 38
24 39
24 40
24 41
24 42
24 43
24 44
24 45
24 46
119 8
24 47
24 48
24 49
99 0
24 50
24 51
119 7
24 52
24 53
24 54
119 6
24 55
24 56
24 57
24 58
24 59
118 6
117 6
116 6
115 6
24 60
21 1
114 6
113 6
24 61
24 62
112 6
24 63
24 64
24 65
24 66
24 67
24 68
24 69
24 70
24 71
24 72
111 6
24 73
110 6
24 74
24 75
24 76
24 77
109 6
108 6
24 78
24 79
107 6
24 80
106 6
105 6
104 6
103 6
24 81
102 6
24 82
24 83
24 84
24 85
24 86
24 87
24 88
24 89
24 90
24 91
24 92
24 93
24 94
24 95
101 6
100 6
24 96
24 97
99 6
98 6
24 98
24 99
98 0
24 100
24 101
25 101
20 1
26 101
27 101
28 101
29 101
97 6
30 101
31 101
19 1
32 101
33 101
34 101
96 6
35 101
95 6
36 101
37 101
38 101
18 1
39 101
94 6
40 101
41 101
42 101
43 101
44 101
17 1
45 101
46 101
47 101
93 6
48 101
92 6
91 6
49 101
50 101
51 101
90 6
89 6
16 1
88 6
52 101
87 6
86 6
53 101
85 6
54 101
55 101
56 101
84 6
57 101
58 101
59 101
60 101
61 101
62 101
83 6
82 6
63 101
64 101
15 1
81 6
65 101
66 101
67 101
80 6
68 101
69 101
79 6
70 101
71 101
72 101
73 101
78 6
77 6
74 101
75 101
76 101
77 101
78 101
79 101
80 101
81 101
14 1
82 101
83 101
76 6
84 101
75 6
85 101
74 6
86 101
87 101
73 6
88 101
89 101
90 101
91 101
72 6
92 101
93 101
71 6
94 101
95 101
96 101
97 101
98 101
99 101
100 101
70 6
101 101
101 100
69 6
101 99
68 6
101 98
101 97
101 96
101 95
101 94
101 93
13 1
12 1
67 6
11 1
101 92
101 91
101 90
101 89
101 88
101 87
101 86
101 85
66 6
101 84
65 6
101 83
64 6
10 1
63 6
101 82
62 6
101 81
101 80
101 79
101 78
101 77
61 6
101 76
60 6
59 6
101 75
101 74
101 73
101 72
101 71
101 70
101 69
101 68
58 6
101 67
101 66
101 65
101 64
101 63
57 6
56 6
101 62
55 6
101 61
54 6
101 60
101 59
101 58
101 57
101 56
53 6
101 55
101 54
101 53
101 52
52 6
101 51
101 50
101 49
101 48
101 47
51 6
101 46
9 1
101 45
50 6
101 44
101 43
49 6
101 42
48 6
101 41
101 40
101 39
101 38
101 37
101 36
101 35
101 34
101 33
101 32
47 6
101 31
101 30
101 29
46 6
101 28
101 27
101 26
101 25
101 24
45 6
100 24
99 24
44 6
98 24
43 6
97 24
96 24
95 24
94 24
8 1
93 24
42 6
92 24
91 24
41 6
90 24
89 24
88 24
87 24
86 24
85 24
84 24
40 6
7 1
83 24
39 6
82 24
81 24
80 24
6 1
79 24
78 24
77 24
76 24
38 6
37 6
75 24
74 24
73 24
36 6
72 24
71 24
70 24
35 6
34 6
5 1
69 24
68 24
33 6
67 24
32 6
31 6
30 6
66 24
65 24
29 6
28 6
64 24
63 24
62 24
61 24
60 24
27 6
59 24
58 24
26 6
57 24
56 24
55 24
25 6
24 6
23 6
22 6
54 24
53 24
52 24
51 24
50 24
21 6
49 24
48 24
47 24
20 6
46 24
45 24
44 24
43 24
42 24
41 24
40 24
19 6
18 6
39 24
17 6
38 24
16 6
37 24
15 6
36 24
35 24
34 24
33 24
4 1
32 24
31 24
14 6
30 24
13 6
12 6
11 6
29 24
28 24
10 6
9 6
8 6
7 6
27 24
26 24
25 24
6 6
5 6
5 7
24 24
3 1
5 8
5 9
23 24
23 25
23 26
23 27
23 28
23 29
23 30
2 1
5 10
5 11
5 12
23 31
23 32
23 33
5 13
23 34
23 35
5 14
23 36
23 37
5 15
5 16
23 38
5 17
23 39
23 40
23 41
23 42
23 43
23 44
23 45
23 46
23 47
23 48
23 49
5 18
5 19
23 50
23 51
5 20
5 21
23 52
1 1
23 53
23 54
5 22
5 23
23 55
23 56
23 57
23 58
5 24
23 59
5 25
23 60
5 26
5 27
5 28
23 61
23 62
23 63
23 64
5 29
23 65
23 66
23 67
23 68
5 30
5 31
23 69
5 32
23 70
5 33
5 34
23 71
23 72
23 73
23 74
5 35
5 36
5 37
23 75
23 76
5 38
5 39
5 40
5 41
23 77
23 78
23 79
5 42
23 80
23 81
23 82
5 43
23 83
5 44
23 84
5 45
5 46
5 47
5 48
5 49
23 85
0 1
23 86
23 87
23 88
5 50
23 89
23 90
5 51
23 91
23 92
5 52
23 93
23 94
5 53
23 95
23 96
23 97
5 54
23 98
23 99
23 100
5 55
23 101
5 56
5 57
23 102
24 102
5 58
97 0
25 102
26 102
27 102
28 102
29 102
30 102
31 102
32 102
33 102
5 59
34 102
5 60
35 102
36 102
5 61
37 102
5 62
38 102
39 102
0 2
5 63
40 102
5 64
41 102
42 102
43 102
44 102
45 102
0 3
5 65
46 102
47 102
48 102
5 66
49 102
50 102
5 67
5 68
51 102
52 102
53 102
54 102
55 102
5 69
5 70
5 71
5 72
56 102
57 102
58 102
5 73
59 102
5 74
60 102
0 4
5 75
61 102
62 102
5 76
5 77
5 78
5 79
63 102
64 102
5 80
5 81
65 102
5 82
5 83
66 102
5 84
5 85
67 102
68 102
5 86
5 87
69 102
70 102
71 102
5 88
72 102
73 102
74 102
5 89
75 102
76 102
77 102
78 102
96 0
79 102
5 90
80 102
5 91
81 102
82 102
5 92
83 102
84 102
5 93
85 102
0 5
86 102
87 102
5 94
0 6
88 102
89 102
90 102
5 95
91 102
5 96
5 97
0 7
92 102
93 102
94 102
5 98
95 102
96 102
97 102
5 99
98 102
99 102
100 102
101 102
102 102
102 101
102 100
102 99
5 100
5 101
5 102
0 8
102 98
102 97
102 96
102 95
102 94
5 103
102 93
0 9
5 104
102 92
102 91
5 105
102 90
102 89
102 88
5 106
5 107
5 108
102 87
102 86
0 10
102 85
102 84
5 109
5 110
102 83
5 111
102 82
102 81
102 80
102 79
102 78
5 112
102 77
0 11
5 113
102 76
102 75
95 0
5 114
5 115
5 116
102 74
102 73
5 117
102 72
102 71
5 118
5 119
102 70
5 120
102 69
102 68
102 67
102 66
102 65
102 64
102 63
102 62
6 120
102 61
102 60
102 59
7 120
102 58
102 57
102 56
8 120
102 55
102 54
102 53
9 120
102 52
102 51
10 120
102 50
11 120
102 49
0 12
0 13
102 48
102 47
12 120
102 46
13 120
102 45
102 44
102 43
102 42
102 41
102 40
102 39
102 38
102 37
14 120
102 36
15 120
102 35
102 34
16 120
17 120
102 33
18 120
102 32
19 120
102 31
102 30
20 120
21 120
102 29
102 28
22 120
0 14
23 120
24 120
25 120
102 27
94 0
102 26
102 25
26 120
102 24
27 120
102 23
101 23
100 23
99 23
28 120
29 120
98 23
97 23
0 15
96 23
30 120
31 120
95 23
32 120
94 23
93 23
92 23
91 23
90 23
89 23
88 23
87 23
86 23
85 23
84 23
83 23
33 120
34 120
82 23
81 23
80 23
0 16
79 23
35 120
78 23
77 23
76 23
36 120
37 120
38 120
75 23
74 23
39 120
73 23
72 23
71 23
70 23
69 23
68 23
67 23
66 23
40 120
65 23
0 17
41 120
64 23
63 23
62 23
42 120
61 23
60 23
59 23
58 23
43 120
57 23
44 120
0 18
56 23
0 19
45 120
46 120
55 23
47 120
54 23
53 23
52 23
48 120
51 23
50 23
49 23
48 23
49 120
47 23
46 23
45 23
44 23
43 23
0 20
42 23
41 23
40 23
50 120
39 23
38 23
37 23
36 23
35 23
34 23
51 120
33 23
52 120
32 23
31 23
30 23
29 23
28 23
27 23
26 23
25 23
24 23
23 23
22 23
22 24
0 21
22 25
22 26
53 120
22 27
22 28
22 29
54 120
22 30
55 120
0 22
22 31
22 32
22 33
22 34
56 120
22 35
22 36
22 37
22 38
22 39
22 40
22 41
22 42
22 43
57 120
22 44
22 45
22 46
58 120
59 120
22 47
22 48
60 120
22 49
22 50
61 120
22 51
22 52
22 53
22 54
62 120
63 120
22 55
22 56
64 120
22 57
22 58
22 59
22 60
22 61
22 62
22 63
65 120
22 64
66 120
22 65
22 66
22 67
22 68
22 69
22 70
22 71
22 72
22 73
0 23
22 74
22 75
67 120
22 76
22 77
22 78
22 79
68 120
22 80
22 81
22 82
22 83
0 24
22 84
0 25
69 120
22 85
0 26
22 86
70 120
22 87
22 88
22 89
22 90
22 91
22 92
22 93
0 27
0 28
22 94
22 95
22 96
22 97
22 98
22 99
71 120
0 29
22 100
22 101
22 102
22 103
72 120
73 120
74 120
23 103
24 103
25 103
26 103
27 103
28 103
29 103
75 120
30 103
31 103
76 120
32 103
33 103
34 103
35 103
36 103
77 120
37 103
38 103
78 120
39 103
79 120
80 120
40 103
41 103
81 120
42 103
82 120
43 103
44 103
45 103
0 30
46 103
83 120
47 103
48 103
49 103
50 103
84 120
85 120
51 103
86 120
52 103
53 103
87 120
54 103
55 103
56 103
57 103
58 103
88 120
89 120
59 103
90 120
91 120
92 120
93 120
60 103
94 120
95 120
61 103
62 103
0 31
63 103
96 120
97 120
64 103
98 120
65 103
99 120
100 120
66 103
101 120
67 103
102 120
68 103
103 120
69 103
104 120
105 120
70 103
106 120
107 120
0 32
71 103
72 103
108 120
73 103
109 120
74 103
75 103
76 103
77 103
110 120
111 120
78 103
79 103
112 120
80 103
81 103
113 120
82 103
83 103
84 103
85 103
86 103
87 103
88 103
114 120
89 103
90 103
0 33
0 34
0 35
91 103
0 36
92 103
93 103
94 103
95 103
96 103
115 120
0 37
97 103
116 120
98 103
99 103
100 103
101 103
102 103
117 120
103 103
103 102
118 120
0 38
103 101
0 39
103 100
103 99
103 98
103 97
103 96
103 95
119 120
103 94
103 93
103 92
103 91
120 120
103 90
120 119
103 89
103 88
103 87
103 86
103 85
103 84
120 118
103 83
103 82
103 81
120 117
120 116
103 80
103 79
120 115
0 40
120 114
103 78
103 77
103 76
103 75
103 74
120 113
103 73
0 41
103 72
103 71
103 70
103 69
120 112
103 68
103 67
120 111
103 66
120 110
103 65
120 109
120 108
103 64
103 63
0 42
120 107
103 62
103 61
103 60
103 59
103 58
103 57
103 56
120 106
120 105
103 55
103 54
120 104
120 103
103 53
120 102
103 52
103 51
103 50
120 101
0 43
120 100
103 49
103 48
103 47
103 46
103 45
93 0
103 44
103 43
103 42
120 99
103 41
103 40
103 39
103 38
103 37
103 36
103 35
0 44
103 34
120 98
103 33
103 32
103 31
103 30
120 97
103 29
92 0
103 28
103 27
103 26
103 25
103 24
103 23
120 96
103 22
120 95
102 22
101 22
100 22
99 22
98 22
97 22
120 94
96 22
0 45
95 22
120 93
94 22
93 22
120 92
92 22
91 22
90 22
89 22
88 22
87 22
86 22
85 22
120 91
120 90
84 22
83 22
82 22
81 22
120 89
120 88
80 22
79 22
78 22
77 22
120 87
76 22
75 22
74 22
73 22
72 22
71 22
70 22
120 86
69 22
68 22
67 22
120 85
66 22
120 84
65 22
120 83
64 22
63 22
62 22
61 22
60 22
120 82
59 22
120 81
58 22
57 22
120 80
120 79
56 22
120 78
55 22
120 77
54 22
120 76
53 22
0 46
120 75
52 22
51 22
120 74
120 73
120 72
50 22
49 22
48 22
120 71
47 22
46 22
45 22
44 22
43 22
0 47
42 22
120 70
41 22
40 22
39 22
0 48
0 49
38 22
37 22
36 22
35 22
34 22
33 22
120 69
0 50
32 22
120 68
31 22
120 67
0 51
30 22
120 66
29 22
28 22
27 22
26 22
25 22
120 65
120 64
120 63
120 62
24 22
23 22
22 22
21 22
21 23
120 61
21 24
21 25
120 60
21 26
21 27
21 28
21 29
21 30
21 31
120 59
21 32
120 58
120 57
21 33
21 34
21 35
21 36
21 37
21 38
21 39
120 56
120 55
21 40
21 41
21 42
21 43
120 54
91 0
120 53
120 52
120 51
21 44
21 45
21 46
21 47
0 52
120 50
21 48
21 49
21 50
120 49
120 48
21 51
21 52
120 47
21 53
21 54
21 55
21 56
21 57
21 58
21 59
21 60
21 61
21 62
21 63
21 64
120 46
21 65
0 53
120 45
120 44
21 66
120 43
120 42
21 67
120 41
120 40
120 39
120 38
21 68
120 37
21 69
21 70
21 71
0 54
21 72
120 36
21 73
120 35
21 74
120 34
21 75
21 76
120 33
120 32
120 31
21 77
120 30
21 78
21 79
120 29
21 80
21 81
21 82
0 55
21 83
120 28
21 84
21 85
120 27
21 86
120 26
21 87
21 88
21 89
0 56
21 90
21 91
21 92
21 93
21 94
120 25
120 24
120 23
21 95
21 96
120 22
21 97
120 21
21 98
21 99
21 100
120 20
21 101
21 102
21 103
21 104
0 57
120 19
120 18
22 104
23 104
24 104
0 58
120 17
0 59
25 104
26 104
27 104
120 16
120 15
120 14
90 0
120 13
120 12
28 104
29 104
120 11
30 104
31 104
32 104
33 104
34 104
35 104
36 104
37 104
38 104
39 104
40 104
41 104
42 104
43 104
44 104
45 104
120 10
46 104
47 104
48 104
49 104
120 9
50 104
51 104
120 8
52 104
53 104
54 104
55 104
56 104
57 104
120 7
120 6
58 104
59 104
120 5
60 104
119 5
118 5
117 5
116 5
61 104
62 104
63 104
0 60
115 5
64 104
65 104
66 104
114 5
113 5
112 5
0 61
111 5
67 104
0 62
0 63
68 104
69 104
70 104
110 5
71 104
72 104
73 104
109 5
74 104
75 104
76 104
77 104
78 104
108 5
79 104
80 104
81 104
82 104
107 5
83 104
84 104
0 64
85 104
86 104
87 104
88 104
89 104
106 5
105 5
104 5
103 5
90 104
91 104
92 104
93 104
94 104
95 104
102 5
101 5
96 104
97 104
100 5
98 104
99 5
99 104
100 104
101 104
102 104
98 5
97 5
103 104
104 104
104 103
96 5
104 102
104 101
95 5
104 100
104 99
0 65
94 5
93 5
104 98
104 97
104 96
104 95
104 94
104 93
104 92
104 91
104 90
104 89
104 88
92 5
104 87
104 86
104 85
91 5
104 84
104 83
90 5
104 82
104 81
89 5
88 5
104 80
104 79
104 78
87 5
86 5
104 77
104 76
0 66
104 75
104 74
104 73
85 5
104 72
104 71
104 70
104 69
104 68
84 5
104 67
104 66
104 65
0 67
104 64
83 5
82 5
104 63
81 5
104 62
80 5
104 61
0 68
104 60
104 59
79 5
104 58
78 5
104 57
77 5
76 5
104 56
104 55
75 5
104 54
104 53
104 52
104 51
104 50
74 5
73 5
104 49
104 48
104 47
104 46
104 45
72 5
71 5
104 44
104 43
104 42
104 41
70 5
69 5
68 5
104 40
67 5
104 39
104 38
104 37
104 36
104 35
66 5
104 34
104 33
104 32
104 31
65 5
104 30
64 5
63 5
104 29
62 5
0 69
61 5
104 28
104 27
104 26
104 25
104 24
0 70
104 23
60 5
104 22
104 21
103 21
59 5
102 21
101 21
100 21
99 21
98 21
97 21
96 21
58 5
57 5
95 21
94 21
93 21
92 21
91 21
90 21
89 21
88 21
56 5
87 21
55 5
86 21
85 21
84 21
83 21
54 5
82 21
81 21
80 21
79 21
78 21
53 5
77 21
52 5
76 21
75 21
0 71
74 21
51 5
0 72
73 21
50 5
49 5
48 5
72 21
71 21
70 21
69 21
47 5
68 21
67 21
0 73
66 21
65 21
46 5
64 21
45 5
63 21
62 21
44 5
43 5
0 74
61 21
60 21
42 5
89 0
59 21
58 21
0 75
57 21
56 21
55 21
41 5
54 21
53 21
40 5
52 21
39 5
51 21
50 21
49 21
48 21
47 21
46 21
45 21
44 21
43 21
42 21
41 21
0 76
40 21
39 21
38 5
38 21
37 5
36 5
37 21
36 21
35 21
34 21
33 21
0 77
35 5
32 21
31 21
34 5
30 21
29 21
28 21
27 21
33 5
32 5
26 21
25 21
24 21
23 21
22 21
21 21
31 5
20 21
20 22
30 5
29 5
20 23
28 5
20 24
20 25
27 5
26 5
25 5
0 78
20 26
20 27
24 5
20 28
20 29
23 5
22 5
20 30
20 31
20 32
20 33
20 34
20 35
20 36
20 37
20 38
20 39
20 40
0 79
21 5
20 41
20 5
19 5
18 5
20 42
17 5
20 43
16 5
20 44
20 45
15 5
20 46
20 47
14 5
13 5
20 48
20 49
20 50
12 5
11 5
20 51
20 52
10 5
20 53
20 54
20 55
20 56
20 57
20 58
20 59
20 60
20 61
20 62
9 5
8 5
20 63
20 64
20 65
7 5
20 66
6 5
5 5
20 67
20 68
4 5
20 69
0 80
0 81
20 70
20 71
20 72
20 73
20 74
20 75
20 76
4 6
20 77
20 78
0 82
20 79
20 80
4 7
4 8
4 9
4 10
20 81
4 11
20 82
20 83
4 12
4 13
20 84
4 14
20 85
0 83
20 86
4 15
20 87
20 88
20 89
0 84
20 90
20 91
4 16
4 17
20 92
20 93
20 94
20 95
20 96
20 97
20 98
20 99
20 100
20 101
20 102
4 18
20 103
4 19
20 104
4 20
20 105
21 105
22 105
23 105
24 105
25 105
26 105
27 105
28 105
29 105
4 21
30 105
31 105
4 22
32 105
33 105
34 105
4 23
35 105
4 24
36 105
37 105
4 25
4 26
38 105
4 27
39 105
40 105
41 105
4 28
42 105
43 105
44 105
4 29
45 105
46 105
47 105
48 105
49 105
50 105
51 105
4 30
4 31
52 105
4 32
53 105
4 33
4 34
54 105
55 105
56 105
57 105
58 105
4 35
59 105
4 36
60 105
61 105
62 105
63 105
64 105
65 105
66 105
4 37
67 105
4 38
68 105
4 39
69 105
70 105
71 105
4 40
72 105
4 41
73 105
74 105
75 105
0 85
76 105
77 105
0 86
78 105
4 42
79 105
4 43
4 44
4 45
0 87
80 105
81 105
82 105
83 105
4 46
84 105
4 47
4 48
85 105
86 105
87 105
88 105
89 105
90 105
4 49
91 105
92 105
4 50
93 105
94 105
95 105
96 105
4 51
4 52
4 53
97 105
98 105
99 105
0 88
100 105
0 89
101 105
4 54
102 105
103 105
104 105
105 105
105 104
105 103
105 102
105 101
105 100
105 99
105 98
105 97
0 90
4 55
4 56
105 96
105 95
4 57
4 58
4 59
4 60
105 94
105 93
4 61
105 92
105 91
105 90
105 89
4 62
105 88
105 87
105 86
105 85
105 84
105 83
4 63
4 64
105 82
4 65
105 81
4 66
105 80
105 79
4 67
0 91
105 78
0 92
4 68
105 77
105 76
4 69
4 70
4 71
4 72
105 75
4 73
105 74
105 73
105 72
105 71
0 93
4 74
105 70
105 69
105 68
4 75
105 67
105 66
105 65
105 64
4 76
105 63
105 62
105 61
105 60
4 77
4 78
105 59
105 58
4 79
4 80
4 81
105 57
105 56
105 55
0 94
105 54
105 53
4 82
4 83
105 52
0 95
105 51
4 84
105 50
105 49
0 96
105 48
4 85
4 86
4 87
4 88
105 47
4 89
0 97
105 46
4 90
105 45
105 44
105 43
0 98
105 42
105 41
105 40
105 39
105 38
0 99
105 37
105 36
0 100
105 35
105 34
105 33
105 32
105 31
4 91
105 30
105 29
105 28
105 27
4 92
4 93
0 101
0 102
4 94
105 26
105 25
105 24
105 23
105 22
105 21
105 20
104 20
103 20
102 20
101 20
100 20
99 20
98 20
4 95
97 20
96 20
95 20
4 96
94 20
4 97
93 20
92 20
91 20
4 98
4 99
90 20
89 20
4 100
4 101
88 20
87 20
86 20
4 102
85 20
84 20
83 20
4 103
82 20
81 20
80 20
79 20
4 104
78 20
4 105
77 20
4 106
76 20
75 20
4 107
74 20
73 20
4 108
72 20
4 109
4 110
71 20
70 20
4 111
0 103
4 112
4 113
69 20
4 114
4 115
68 20
0 104
67 20
4 116
66 20
4 117
65 20
64 20
63 20
62 20
61 20
60 20
59 20
0 105
58 20
57 20
56 20
55 20
0 106
4 118
4 119
54 20
53 20
52 20
4 120
51 20
4 121
50 20
49 20
0 107
5 121
6 121
48 20
47 20
46 20
0 108
45 20
7 121
8 121
9 121
10 121
44 20
11 121
43 20
42 20
0 109
41 20
40 20
39 20
38 20
37 20
36 20
12 121
35 20
13 121
34 20
33 20
32 20
0 110
31 20
30 20
14 121
0 111
0 112
15 121
29 20
16 121
28 20
27 20
26 20
0 113
25 20
24 20
23 20
22 20
17 121
21 20
20 20
19 20
19 21
19 22
19 23
18 121
19 24
19 25
19 26
19 27
19 28
19 29
0 114
0 115
19 30
19 31
19 32
19 121
19 33
19 34
0 116
19 35
20 121
19 36
19 37
19 38
21 121
22 121
23 121
24 121
19 39
19 40
19 41
19 42
19 43
19 44
19 45
19 46
19 47
19 48
19 49
19 50
19 51
25 121
19 52
26 121
27 121
28 121
29 121
19 53
19 54
19 55
30 121
31 121
19 56
19 57
0 117
19 58
19 59
32 121
33 121
19 60
19 61
19 62
34 121
0 118
19 63
19 64
35 121
19 65
36 121
37 121
19 66
19 67
19 68
38 121
19 69
19 70
19 71
39 121
40 121
19 72
41 121
42 121
0 119
43 121
19 73
44 121
19 74
19 75
19 76
19 77
45 121
19 78
19 79
19 80
19 81
46 121
0 120
19 82
19 83
19 84
19 85
19 86
19 87
19 88
47 121
48 121
19 89
49 121
50 121
19 90
19 91
19 92
51 121
19 93
0 121
19 94
19 95
52 121
88 0
19 96
19 97
19 98
19 99
19 100
53 121
19 101
19 102
19 103
54 121
55 121
19 104
19 105
56 121
19 106
20 106
21 106
57 121
22 106
23 106
58 121
59 121
24 106
25 106
26 106
60 121
61 121
62 121
27 106
28 106
63 121
64 121
29 106
65 121
66 121
67 121
30 106
68 121
69 121
70 121
71 121
31 106
32 106
33 106
72 121
73 121
0 122
74 121
34 106
75 121
35 106
36 106
0 123
37 106
76 121
38 106
77 121
78 121
39 106
40 106
41 106
79 121
42 106
80 121
43 106
44 106
45 106
46 106
47 106
81 121
48 106
49 106
50 106
51 106
52 106
53 106
82 121
83 121
84 121
0 124
54 106
55 106
85 121
56 106
86 121
0 125
57 106
58 106
1 125
87 121
59 106
88 121
89 121
60 106
61 106
62 106
63 106
90 121
91 121
64 106
65 106
66 106
67 106
68 106
69 106
92 121
70 106
71 106
72 106
73 106
74 106
75 106
76 106
77 106
93 121
94 121
78 106
79 106
80 106
81 106
82 106
83 106
84 106
95 121
85 106
86 106
96 121
97 121
98 121
87 106
99 121
88 106
89 106
90 106
91 106
92 106
93 106
2 125
100 121
94 106
95 106
96 106
97 106
98 106
99 106
100 106
101 106
102 106
103 106
101 121
102 121
104 106
103 121
105 106
106 106
106 105
106 104
106 103
106 102
106 101
3 125
104 121
105 121
106 100
106 121
107 121
106 99
108 121
106 98
106 97
106 96
109 121
110 121
111 121
4 125
106 95
112 121
5 125
106 94
113 121
114 121
106 93
106 92
106 91
106 90
106 89
106 88
106 87
106 86
106 85
106 84
106 83
6 125
106 82
115 121
106 81
106 80
116 121
106 79
106 78
117 121
118 121
119 121
120 121
7 125
106 77
121 121
106 76
106 75
121 120
106 74
106 73
106 72
121 119
106 71
121 118
106 70
106 69
121 117
121 116
106 68
8 125
121 115
106 67
106 66
106 65
106 64
106 63
106 62
9 125
106 61
121 114
106 60
106 59
106 58
106 57
10 125
106 56
121 113
121 112
106 55
106 54
11 125
106 53
12 125
121 111
106 52
121 110
106 51
121 109
121 108
106 50
106 49
121 107
106 48
106 47
106 46
106 45
106 44
121 106
13 125
106 43
106 42
106 41
106 40
106 39
106 38
121 105
106 37
106 36
106 35
106 34
106 33
106 32
14 125
106 31
121 104
106 30
106 29
106 28
15 125
106 27
121 103
106 26
106 25
121 102
106 24
106 23
106 22
121 101
106 21
106 20
106 19
105 19
104 19
103 19
102 19
101 19
121 100
16 125
100 19
99 19
98 19
121 99
121 98
97 19
121 97
121 96
96 19
121 95
95 19
94 19
93 19
92 19
91 19
90 19
89 19
88 19
121 94
87 19
86 19
85 19
84 19
121 93
83 19
82 19
121 92
81 19
80 19
79 19
78 19
121 91
77 19
76 19
75 19
74 19
17 125
73 19
121 90
72 19
71 19
121 89
18 125
121 88
70 19
69 19
121 87
68 19
19 125
67 19
66 19
65 19
64 19
63 19
62 19
61 19
60 19
59 19
121 86
58 19
57 19
56 19
55 19
121 85
54 19
53 19
52 19
121 84
51 19
50 19
49 19
48 19
47 19
46 19
45 19
121 83
44 19
121 82
43 19
121 81
42 19
41 19
40 19
39 19
121 80
38 19
37 19
121 79
121 78
36 19
35 19
34 19
121 77
121 76
33 19
32 19
31 19
30 19
121 75
29 19
28 19
27 19
26 19
121 74
25 19
24 19
23 19
22 19
21 19
121 73
20 19
19 19
121 72
121 71
121 70
18 19
18 20
18 21
18 22
18 23
20 125
18 24
18 25
18 26
18 27
121 69
18 28
18 29
121 68
18 30
18 31
121 67
18 32
18 33
18 34
21 125
18 35
18 36
121 66
18 37
121 65
18 38
121 64
121 63
22 125
121 62
121 61
121 60
18 39
18 40
121 59
18 41
121 58
121 57
18 42
18 43
18 44
23 125
121 56
18 45
121 55
121 54
18 46
18 47
121 53
18 48
18 49
121 52
121 51
18 50
121 50
18 51
121 49
18 52
121 48
121 47
18 53
18 54
18 55
18 56
121 46
121 45
18 57
121 44
18 58
18 59
18 60
18 61
18 62
18 63
18 64
24 125
18 65
18 66
18 67
18 68
18 69
18 70
18 71
18 72
18 73
121 43
18 74
18 75
18 76
121 42
18 77
18 78
18 79
121 41
18 80
121 40
121 39
121 38
25 125
18 81
121 37
18 82
121 36
18 83
121 35
18 84
121 34
18 85
26 125
18 86
121 33
18 87
18 88
18 89
18 90
18 91
18 92
18 93
18 94
18 95
18 96
121 32
121 31
18 97
18 98
18 99
121 30
18 100
18 101
18 102
18 103
121 29
18 104
18 105
18 106
18 107
19 107
20 107
21 107
121 28
22 107
23 107
24 107
27 125
25 107
26 107
27 107
121 27
28 107
29 107
30 107
31 107
32 107
33 107
121 26
121 25
34 107
35 107
121 24
121 23
36 107
37 107
38 107
28 125
39 107
87 0
121 22
121 21
40 107
41 107
42 107
43 107
44 107
29 125
45 107
121 20
121 19
121 18
46 107
47 107
48 107
121 17
121 16
30 125
31 125
49 107
50 107
51 107
52 107
53 107
121 15
54 107
121 14
55 107
56 107
57 107
121 13
58 107
59 107
60 107
61 107
121 12
32 125
62 107
63 107
64 107
65 107
121 11
66 107
67 107
68 107
69 107
70 107
33 125
34 125
71 107
72 107
73 107
74 107
121 10
75 107
121 9
76 107
77 107
78 107
79 107
80 107
35 125
81 107
121 8
82 107
83 107
36 125
84 107
121 7
85 107
121 6
37 125
86 107
87 107
88 107
89 107
90 107
91 107
92 107
93 107
38 125
94 107
95 107
96 107
121 5
121 4
97 107
98 107
120 4
99 107
100 107
101 107
119 4
102 107
103 107
118 4
104 107
117 4
105 107
116 4
106 107
107 107
107 106
107 105
115 4
107 104
114 4
107 103
107 102
107 101
107 100
113 4
107 99
107 98
107 97
107 96
112 4
111 4
107 95
107 94
107 93
107 92
107 91
107 90
110 4
107 89
109 4
107 88
107 87
108 4
107 86
107 85
107 84
107 4
106 4
107 83
39 125
107 82
107 81
107 80
105 4
104 4
107 79
107 78
107 77
107 76
107 75
103 4
107 74
107 73
107 72
102 4
107 71
107 70
107 69
107 68
101 4
107 67
100 4
107 66
107 65
107 64
40 125
107 63
107 62
99 4
107 61
107 60
98 4
107 59
97 4
96 4
95 4
107 58
107 57
107 56
107 55
107 54
107 53
107 52
94 4
93 4
107 51
92 4
107 50
107 49
107 48
91 4
41 125
107 47
90 4
89 4
107 46
107 45
107 44
88 4
107 43
87 4
86 4
107 42
107 41
107 40
107 39
107 38
107 37
107 36
85 4
84 4
107 35
107 34
107 33
107 32
107 31
42 125
83 4
43 125
82 4
107 30
107 29
81 4
80 4
79 4
107 28
107 27
107 26
107 25
107 24
78 4
107 23
77 4
76 4
107 22
75 4
107 21
107 20
107 19
74 4
107 18
106 18
105 18
104 18
103 18
44 125
102 18
101 18
73 4
100 18
45 125
99 18
72 4
98 18
97 18
96 18
71 4
95 18
94 18
70 4
93 18
69 4
92 18
68 4
67 4
91 18
90 18
89 18
88 18
87 18
86 18
66 4
85 18
84 18
83 18
82 18
65 4
64 4
63 4
62 4
61 4
81 18
80 18
79 18
78 18
60 4
77 18
76 18
75 18
74 18
73 18
72 18
71 18
59 4
70 18
69 18
68 18
67 18
66 18
65 18
64 18
63 18
62 18
61 18
60 18
59 18
58 18
57 18
56 18
55 18
54 18
53 18
52 18
51 18
46 125
50 18
49 18
48 18
47 18
58 4
46 18
45 18
57 4
44 18
47 125
43 18
56 4
55 4
54 4
42 18
53 4
48 125
52 4
41 18
40 18
51 4
39 18
50 4
38 18
37 18
36 18
35 18
49 4
34 18
48 4
33 18
32 18
31 18
30 18
47 4
46 4
45 4
29 18
44 4
28 18
43 4
42 4
27 18
41 4
40 4
26 18
49 125
25 18
39 4
38 4
24 18
23 18
22 18
37 4
36 4
21 18
35 4
34 4
33 4
50 125
32 4
31 4
20 18
19 18
30 4
18 18
29 4
17 18
28 4
17 19
17 20
17 21
17 22
17 23
17 24
17 25
17 26
27 4
26 4
25 4
17 27
17 28
17 29
51 125
17 30
17 31
52 125
17 32
53 125
24 4
17 33
23 4
22 4
17 34
17 35
17 36
21 4
54 125
17 37
17 38
17 39
20 4
17 40
19 4
17 41
17 42
17 43
18 4
17 4
17 44
16 4
17 45
17 46
17 47
15 4
17 48
17 49
17 50
17 51
14 4
13 4
17 52
17 53
17 54
12 4
11 4
17 55
10 4
9 4
17 56
17 57
8 4
55 125
17 58
7 4
17 59
17 60
17 61
6 4
5 4
4 4
3 4
17 62
3 5
17 63
3 6
3 7
3 8
17 64
3 9
17 65
17 66
17 67
17 68
17 69
17 70
17 71
17 72
17 73
3 10
3 11
3 12
3 13
17 74
17 75
56 125
3 14
17 76
17 77
17 78
17 79
17 80
3 15
3 16
17 81
57 125
3 17
17 82
3 18
17 83
3 19
17 84
58 125
17 85
59 125
60 125
17 86
3 20
17 87
17 88
3 21
3 22
3 23
17 89
17 90
3 24
17 91
17 92
3 25
17 93
17 94
3 26
17 95
17 96
17 97
17 98
3 27
61 125
3 28
3 29
17 99
17 100
17 101
17 102
3 30
3 31
3 32
17 103
17 104
17 105
17 106
3 33
62 125
63 125
17 107
3 34
17 108
18 108
19 108
20 108
21 108
22 108
3 35
23 108
3 36
24 108
3 37
25 108
26 108
27 108
3 38
28 108
29 108
3 39
30 108
31 108
32 108
33 108
34 108
3 40
35 108
36 108
37 108
64 125
65 125
38 108
39 108
3 41
40 108
41 108
3 42
42 108
3 43
43 108
44 108
45 108
46 108
66 125
47 108
48 108
49 108
3 44
50 108
3 45
51 108
67 125
52 108
3 46
3 47
53 108
3 48
86 0
3 49
54 108
55 108
3 50
56 108
57 108
58 108
3 51
59 108
3 52
3 53
3 54
60 108
61 108
62 108
63 108
64 108
65 108
3 55
66 108
3 56
67 108
3 57
68 108
69 108
70 108
3 58
3 59
68 125
3 60
71 108
72 108
73 108
74 108
75 108
76 108
77 108
78 108
79 108
3 61
3 62
80 108
3 63
81 108
82 108
83 108
3 64
84 108
3 65
85 108
85 0
86 108
87 108
3 66
69 125
88 108
89 108
90 108
91 108
3 67
3 68
92 108
93 108
3 69
94 108
95 108
3 70
96 108
97 108
3 71
98 108
99 108
100 108
3 72
70 125
71 125
3 73
101 108
102 108
3 74
3 75
103 108
104 108
72 125
3 76
3 77
105 108
106 108
107 108
3 78
108 108
3 79
108 107
108 106
108 105
108 104
3 80
108 103
3 81
108 102
3 82
73 125
74 125
3 83
3 84
108 101
108 100
3 85
108 99
108 98
3 86
3 87
75 125
108 97
108 96
108 95
3 88
3 89
108 94
108 93
3 90
3 91
76 125
77 125
108 92
108 91
108 90
108 89
3 92
3 93
108 88
108 87
3 94
3 95
108 86
78 125
79 125
80 125
108 85
108 84
3 96
3 97
84 0
3 98
108 83
3 99
3 100
3 101
108 82
108 81
108 80
3 102
108 79
3 103
108 78
108 77
108 76
108 75
108 74
108 73
3 104
3 105
108 72
108 71
3 106
108 70
108 69
3 107
108 68
108 67
108 66
108 65
3 108
3 109
3 110
108 64
3 111
3 112
3 113
108 63
3 114
3 115
108 62
108 61
108 60
108 59
108 58
108 57
3 116
108 56
3 117
3 118
108 55
108 54
108 53
108 52
108 51
108 50
108 49
108 48
3 119
108 47
108 46
108 45
108 44
108 43
108 42
108 41
108 40
108 39
108 38
108 37
3 120
108 36
108 35
108 34
108 33
108 32
108 31
3 121
108 30
108 29
108 28
3 122
108 27
4 122
108 26
5 122
108 25
108 24
6 122
108 23
81 125
108 22
108 21
108 20
7 122
108 19
108 18
108 17
107 17
106 17
105 17
8 122
9 122
104 17
10 122
103 17
102 17
11 122
101 17
100 17
99 17
83 0
98 17
97 17
96 17
12 122
13 122
14 122
15 122
82 125
95 17
94 17
16 122
93 17
17 122
18 122
19 122
92 17
91 17
83 125
84 125
90 17
89 17
20 122
21 122
22 122
23 122
88 17
87 17
86 17
85 17
84 17
83 17
82 17
81 17
80 17
79 17
24 122
25 122
85 125
78 17
26 122
86 125
27 122
28 122
77 17
29 122
30 122
31 122
76 17
75 17
74 17
73 17
32 122
33 122
72 17
34 122
35 122
71 17
36 122
70 17
69 17
68 17
67 17
66 17
65 17
37 122
64 17
63 17
38 122
62 17
61 17
60 17
39 122
59 17
87 125
58 17
57 17
56 17
40 122
41 122
55 17
42 122
88 125
43 122
54 17
53 17
52 17
51 17
44 122
45 122
46 122
50 17
49 17
48 17
47 122
89 125
48 122
47 17
46 17
45 17
90 125
44 17
49 122
50 122
82 0
43 17
51 122
42 17
52 122
41 17
53 122
40 17
39 17
38 17
91 125
92 125
37 17
36 17
35 17
34 17
54 122
33 17
55 122
32 17
31 17
30 17
29 17
56 122
57 122
93 125
28 17
27 17
94 125
95 125
26 17
58 122
59 122
25 17
24 17
60 122
96 125
61 122
23 17
22 17
62 122
63 122
21 17
20 17
19 17
18 17
97 125
17 17
16 17
16 18
16 19
16 20
64 122
65 122
98 125
16 21
16 22
16 23
16 24
16 25
16 26
16 27
16 28
16 29
66 122
67 122
16 30
16 31
16 32
16 33
16 34
16 35
68 122
16 36
69 122
16 37
70 122
16 38
71 122
72 122
16 39
73 122
74 122
75 122
16 40
16 41
16 42
16 43
16 44
76 122
77 122
16 45
16 46
16 47
16 48
78 122
99 125
16 49
16 50
16 51
79 122
16 52
16 53
80 122
81 122
82 122
16 54
83 122
84 122
85 122
16 55
86 122
87 122
16 56
16 57
88 122
16 58
89 122
90 122
91 122
100 125
16 59
16 60
16 61
16 62
16 63
16 64
16 65
16 66
16 67
101 125
92 122
16 68
16 69
16 70
16 71
16 72
93 122
16 73
94 122
95 122
16 74
16 75
16 76
16 77
96 122
97 122
16 78
16 79
16 80
16 81
98 122
16 82
16 83
16 84
16 85
16 86
16 87
102 125
16 88
16 89
16 90
16 91
103 125
99 122
16 92
100 122
81 0
16 93
16 94
16 95
101 122
16 96
16 97
102 122
103 122
104 122
16 98
16 99
16 100
16 101
104 125
16 102
105 125
105 122
16 103
106 122
16 104
106 125
16 105
107 122
16 106
16 107
16 108
80 0
16 109
108 122
109 122
17 109
18 109
19 109
20 109
21 109
110 122
22 109
23 109
24 109
25 109
26 109
111 122
27 109
28 109
29 109
112 122
30 109
31 109
32 109
113 122
114 122
115 122
33 109
116 122
117 122
118 122
34 109
35 109
36 109
37 109
38 109
79 0
39 109
107 125
40 109
41 109
119 122
42 109
43 109
44 109
45 109
120 122
46 109
47 109
108 125
121 122
48 109
49 109
50 109
122 122
51 109
122 121
52 109
53 109
54 109
55 109
56 109
109 125
57 109
58 109
122 120
122 119
59 109
60 109
61 109
122 118
110 125
111 125
62 109
63 109
122 117
64 109
112 125
65 109
66 109
122 116
67 109
122 115
122 114
122 113
122 112
122 111
122 110
68 109
69 109
70 109
71 109
122 109
122 108
122 107
72 109
73 109
74 109
122 106
75 109
76 109
113 125
77 109
78 109
122 105
122 104
79 109
122 103
122 102
80 109
122 101
81 109
82 109
83 109
84 109
85 109
86 109
87 109
122 100
88 109
89 109
90 109
91 109
92 109
122 99
93 109
94 109
95 109
122 98
122 97
122 96
96 109
97 109
114 125
122 95
98 109
99 109
100 109
101 109
122 94
102 109
103 109
104 109
105 109
106 109
107 109
108 109
109 109
109 108
122 93
115 125
109 107
116 125
109 106
122 92
109 105
117 125
109 104
109 103
109 102
109 101
122 91
122 90
109 100
109 99
109 98
122 89
122 88
109 97
109 96
122 87
109 95
109 94
109 93
109 92
122 86
118 125
109 91
122 85
109 90
109 89
122 84
109 88
122 83
109 87
122 82
109 86
122 81
109 85
109 84
109 83
119 125
109 82
109 81
109 80
109 79
109 78
109 77
122 80
109 76
109 75
109 74
109 73
109 72
122 79
109 71
109 70
122 78
122 77
109 69
122 76
109 68
109 67
109 66
109 65
109 64
109 63
109 62
109 61
122 75
109 60
109 59
109 58
109 57
109 56
109 55
109 54
122 74
109 53
122 73
120 125
109 52
109 51
122 72
109 50
122 71
109 49
109 48
122 70
109 47
121 125
122 69
122 68
109 46
109 45
122 67
122 66
109 44
109 43
109 42
122 125
109 41
122 65
109 40
109 39
109 38
109 37
109 36
109 35
109 34
109 33
109 32
122 64
122 63
109 31
109 30
109 29
109 28
109 27
109 26
109 25
109 24
109 23
109 22
109 21
109 20
109 19
109 18
109 17
122 62
109 16
108 16
122 61
107 16
106 16
122 60
105 16
104 16
103 16
122 59
122 58
102 16
101 16
122 57
100 16
122 56
99 16
98 16
97 16
122 55
122 54
122 53
96 16
95 16
94 16
123 125
122 52
93 16
92 16
122 51
122 50
91 16
122 49
90 16
89 16
88 16
87 16
124 125
86 16
85 16
84 16
83 16
82 16
81 16
80 16
79 16
78 16
77 16
76 16
122 48
125 125
75 16
125 124
74 16
73 16
122 47
72 16
122 46
122 45
71 16
70 16
69 16
68 16
67 16
122 44
66 16
122 43
122 42
122 41
122 40
65 16
122 39
64 16
63 16
62 16
122 38
61 16
125 123
122 37
60 16
59 16
58 16
57 16
56 16
125 122
55 16
122 36
54 16
53 16
52 16
122 35
122 34
51 16
122 33
50 16
49 16
48 16
47 16
122 32
46 16
45 16
122 31
125 121
44 16
122 30
122 29
43 16
42 16
41 16
122 28
40 16
39 16
38 16
37 16
36 16
35 16
34 16
33 16
32 16
31 16
122 27
30 16
122 26
29 16
28 16
27 16
26 16
25 16
24 16
122 25
122 24
122 23
23 16
122 22
122 21
125 120
122 20
22 16
122 19
122 18
21 16
122 17
20 16
19 16
125 119
18 16
17 16
125 118
122 16
16 16
15 16
15 17
15 18
15 19
15 20
122 15
15 21
125 117
15 22
15 23
125 116
15 24
15 25
15 26
15 27
15 28
125 115
15 29
122 14
15 30
15 31
15 32
15 33
15 34
15 35
15 36
15 37
15 38
15 39
15 40
15 41
15 42
15 43
15 44
15 45
122 13
15 46
15 47
15 48
122 12
15 49
122 11
15 50
122 10
15 51
15 52
15 53
15 54
15 55
15 56
122 9
122 8
15 57
15 58
15 59
15 60
125 114
15 61
15 62
122 7
15 63
15 64
15 65
15 66
122 6
15 67
15 68
15 69
15 70
15 71
122 5
125 113
15 72
15 73
15 74
15 75
122 4
15 76
15 77
15 78
15 79
15 80
15 81
15 82
122 3
15 83
15 84
15 85
15 86
121 3
15 87
15 88
15 89
15 90
15 91
125 112
120 3
15 92
15 93
119 3
15 94
118 3
117 3
15 95
15 96
15 97
15 98
15 99
15 100
116 3
15 101
15 102
115 3
114 3
15 103
125 111
15 104
125 110
15 105
15 106
15 107
15 108
113 3
15 109
15 110
16 110
112 3
17 110
18 110
19 110
20 110
21 110
22 110
23 110
111 3
24 110
110 3
25 110
109 3
108 3
125 109
107 3
26 110
27 110
28 110
29 110
30 110
106 3
105 3
31 110
32 110
33 110
34 110
35 110
104 3
103 3
36 110
102 3
37 110
101 3
38 110
100 3
39 110
40 110
125 108
125 107
41 110
125 106
42 110
43 110
99 3
44 110
98 3
97 3
45 110
46 110
47 110
48 110
125 105
96 3
49 110
50 110
51 110
52 110
53 110
54 110
95 3
94 3
93 3
92 3
125 104
91 3
55 110
56 110
57 110
58 110
59 110
60 110
61 110
62 110
90 3
63 110
64 110
65 110
66 110
89 3
88 3
67 110
87 3
68 110
86 3
69 110
85 3
84 3
70 110
83 3
71 110
82 3
81 3
72 110
80 3
73 110
79 3
78 3
74 110
77 3
76 3
75 110
76 110
77 110
78 110
79 110
80 110
81 110
75 3
82 110
83 110
84 110
85 110
74 3
86 110
87 110
73 3
72 3
88 110
71 3
70 3
89 110
90 110
125 103
69 3
68 3
67 3
91 110
125 102
92 110
66 3
93 110
94 110
65 3
95 110
64 3
63 3
96 110
97 110
62 3
98 110
125 101
99 110
100 110
101 110
102 110
61 3
60 3
103 110
59 3
104 110
58 3
105 110
57 3
56 3
106 110
107 110
108 110
109 110
110 110
110 109
110 108
110 107
55 3
110 106
54 3
110 105
110 104
110 103
110 102
110 101
110 100
110 99
110 98
53 3
110 97
52 3
51 3
110 96
110 95
50 3
49 3
110 94
110 93
110 92
48 3
110 91
110 90
110 89
110 88
110 87
110 86
110 85
110 84
110 83
47 3
110 82
110 81
110 80
78 0
46 3
110 79
45 3
110 78
110 77
110 76
44 3
110 75
110 74
110 73
125 100
110 72
43 3
110 71
42 3
110 70
110 69
110 68
110 67
110 66
110 65
110 64
110 63
41 3
110 62
40 3
39 3
125 99
110 61
110 60
38 3
110 59
37 3
110 58
125 98
125 97
110 57
110 56
36 3
35 3
110 55
110 54
110 53
110 52
110 51
34 3
110 50
110 49
110 48
125 96
110 47
110 46
33 3
110 45
110 44
32 3
110 43
110 42
110 41
110 40
110 39
110 38
110 37
110 36
110 35
110 34
110 33
110 32
110 31
125 95
31 3
30 3
110 30
110 29
110 28
29 3
110 27
110 26
110 25
110 24
110 23
125 94
28 3
110 22
110 21
27 3
125 93
110 20
110 19
110 18
110 17
125 92
26 3
25 3
24 3
110 16
110 15
109 15
23 3
22 3
108 15
21 3
20 3
107 15
125 91
19 3
106 15
125 90
105 15
104 15
103 15
18 3
125 89
102 15
17 3
16 3
101 15
100 15
99 15
15 3
98 15
125 88
97 15
14 3
13 3
96 15
95 15
94 15
93 15
92 15
91 15
90 15
89 15
88 15
87 15
86 15
85 15
84 15
12 3
83 15
82 15
11 3
10 3
81 15
80 15
79 15
78 15
77 15
9 3
76 15
75 15
74 15
73 15
8 3
7 3
72 15
6 3
71 15
5 3
4 3
70 15
69 15
68 15
3 3
67 15
66 15
2 3
77 0
65 15
64 15
2 4
63 15
62 15
61 15
125 87
2 5
60 15
59 15
58 15
57 15
56 15
55 15
2 6
2 7
2 8
2 9
54 15
53 15
2 10
52 15
51 15
50 15
49 15
48 15
47 15
2 11
46 15
2 12
45 15
44 15
43 15
2 13
2 14
42 15
41 15
2 15
2 16
40 15
39 15
38 15
37 15
36 15
35 15
34 15
2 17
33 15
2 18
32 15
2 19
31 15
2 20
2 21
2 22
30 15
125 86
2 23
2 24
29 15
28 15
27 15
26 15
25 15
2 25
2 26
2 27
24 15
23 15
22 15
2 28
21 15
2 29
125 85
20 15
19 15
18 15
2 30
17 15
16 15
15 15
14 15
14 16
14 17
2 31
14 18
14 19
14 20
14 21
125 84
14 22
2 32
14 23
14 24
14 25
14 26
2 33
14 27
14 28
2 34
2 35
14 29
14 30
14 31
14 32
2 36
14 33
2 37
2 38
14 34
14 35
14 36
14 37
14 38
2 39
14 39
14 40
14 41
2 40
14 42
14 43
14 44
2 41
14 45
125 83
14 46
2 42
14 47
14 48
14 49
2 43
14 50
14 51
14 52
14 53
14 54
14 55
2 44
14 56
2 45
14 57
14 58
2 46
14 59
14 60
2 47
14 61
14 62
14 63
14 64
2 48
2 49
14 65
2 50
2 51
14 66
14 67
2 52
2 53
14 68
14 69
14 70
14 71
2 54
2 55
14 72
2 56
14 73
14 74
125 82
14 75
14 76
14 77
14 78
14 79
14 80
14 81
2 57
14 82
14 83
14 84
14 85
14 86
14 87
2 58
14 88
2 59
14 89
125 81
14 90
14 91
14 92
14 93
14 94
14 95
14 96
14 97
14 98
2 60
14 99
14 100
2 61
2 62
14 101
14 102
14 103
14 104
14 105
14 106
14 107
2 63
2 64
125 80
2 65
14 108
2 66
14 109
14 110
2 67
14 111
2 68
2 69
15 111
2 70
16 111
2 71
17 111
2 72
18 111
19 111
2 73
20 111
21 111
22 111
2 74
23 111
24 111
25 111
26 111
2 75
2 76
2 77
27 111
28 111
29 111
30 111
31 111
2 78
2 79
32 111
2 80
125 79
2 81
33 111
34 111
35 111
2 82
36 111
2 83
2 84
37 111
38 111
39 111
2 85
40 111
41 111
42 111
43 111
44 111
2 86
45 111
46 111
125 78
47 111
48 111
125 77
49 111
50 111
2 87
51 111
52 111
53 111
2 88
54 111
55 111
56 111
57 111
58 111
2 89
59 111
60 111
61 111
62 111
63 111
2 90
2 91
64 111
65 111
66 111
67 111
68 111
69 111
2 92
70 111
71 111
72 111
2 93
73 111
2 94
74 111
75 111
125 76
2 95
2 96
76 111
2 97
77 111
78 111
79 111
80 111
81 111
2 98
82 111
83 111
84 111
85 111
86 111
87 111
2 99
88 111
2 100
89 111
90 111
125 75
125 74
2 101
125 73
91 111
76 0
92 111
125 72
2 102
93 111
2 103
94 111
2 104
2 105
95 111
2 106
2 107
96 111
97 111
98 111
2 108
2 109
99 111
100 111
101 111
102 111
103 111
125 71
104 111
2 110
105 111
106 111
107 111
2 111
108 111
109 111
110 111
111 111
2 112
111 110
2 113
111 109
125 70
111 108
111 107
2 114
2 115
111 106
2 116
111 105
111 104
2 117
2 118
111 103
111 102
2 119
2 120
2 121
111 101
2 122
2 123
3 123
4 123
111 100
111 99
111 98
111 97
5 123
125 69
6 123
7 123
8 123
111 96
111 95
111 94
9 123
10 123
11 123
12 123
111 93
111 92
111 91
111 90
111 89
111 88
125 68
13 123
111 87
14 123
111 86
125 67
15 123
111 85
111 84
16 123
111 83
17 123
75 0
111 82
111 81
125 66
111 80
111 79
111 78
111 77
18 123
111 76
19 123
20 123
111 75
111 74
111 73
21 123
111 72
111 71
22 123
125 65
111 70
23 123
111 69
111 68
111 67
111 66
24 123
125 64
111 65
111 64
111 63
111 62
111 61
111 60
111 59
25 123
26 123
27 123
111 58
111 57
111 56
28 123
29 123
125 63
111 55
111 54
30 123
31 123
74 0
111 53
32 123
111 52
111 51
111 50
111 49
33 123
111 48
111 47
34 123
111 46
111 45
35 123
111 44
111 43
111 42
111 41
36 123
111 40
37 123
38 123
111 39
125 62
39 123
111 38
111 37
40 123
111 36
41 123
111 35
42 123
111 34
111 33
111 32
111 31
111 30
111 29
43 123
111 28
111 27
111 26
111 25
111 24
111 23
44 123
111 22
111 21
111 20
125 61
45 123
111 19
111 18
111 17
46 123
111 16
111 15
111 14
110 14
109 14
108 14
47 123
48 123
107 14
106 14
105 14
104 14
103 14
102 14
101 14
100 14
99 14
49 123
125 60
50 123
51 123
125 59
98 14
97 14
96 14
52 123
95 14
94 14
93 14
92 14
53 123
125 58
91 14
90 14
89 14
88 14
87 14
54 123
86 14
85 14
84 14
83 14
82 14
81 14
125 57
80 14
79 14
78 14
55 123
77 14
76 14
75 14
56 123
74 14
73 14
125 56
72 14
57 123
71 14
70 14
58 123
69 14
68 14
67 14
59 123
66 14
65 14
64 14
63 14
62 14
61 14
60 14
59 14
58 14
57 14
60 123
61 123
62 123
63 123
64 123
56 14
55 14
65 123
54 14
66 123
53 14
67 123
52 14
125 55
51 14
50 14
49 14
48 14
68 123
47 14
46 14
69 123
45 14
44 14
125 54
43 14
42 14
41 14
40 14
39 14
38 14
37 14
36 14
70 123
71 123
35 14
34 14
72 123
33 14
73 123
125 53
32 14
31 14
30 14
29 14
28 14
27 14
74 123
26 14
25 14
75 123
24 14
76 123
23 14
77 123
22 14
21 14
20 14
78 123
19 14
18 14
17 14
79 123
16 14
15 14
14 14
80 123
13 14
13 15
81 123
13 16
13 17
13 18
13 19
82 123
13 20
125 52
13 21
13 22
13 23
13 24
13 25
13 26
83 123
13 27
13 28
13 29
84 123
125 51
13 30
13 31
13 32
85 123
86 123
125 50
13 33
13 34
13 35
13 36
13 37
13 38
125 49
13 39
13 40
87 123
13 41
125 48
13 42
13 43
13 44
13 45
13 46
13 47
13 48
13 49
13 50
13 51
125 47
13 52
88 123
125 46
13 53
13 54
13 55
89 123
90 123
91 123
13 56
13 57
13 58
13 59
13 60
13 61
13 62
13 63
13 64
13 65
13 66
13 67
125 45
92 123
13 68
13 69
13 70
13 71
13 72
13 73
13 74
13 75
93 123
13 76
13 77
94 123
13 78
13 79
13 80
95 123
13 81
96 123
13 82
13 83
13 84
13 85
13 86
97 123
13 87
98 123
13 88
13 89
13 90
99 123
100 123
13 91
13 92
13 93
101 123
102 123
13 94
13 95
103 123
13 96
125 44
104 123
13 97
13 98
105 123
13 99
13 100
13 101
13 102
125 43
13 103
13 104
106 123
13 105
13 106
13 107
107 123
13 108
108 123
13 109
125 42
13 110
13 111
13 112
109 123
14 112
110 123
15 112
16 112
125 41
17 112
18 112
19 112
20 112
111 123
21 112
22 112
23 112
112 123
113 123
24 112
25 112
26 112
27 112
114 123
28 112
29 112
115 123
30 112
31 112
32 112
33 112
116 123
117 123
118 123
119 123
120 123
34 112
35 112
36 112
37 112
38 112
121 123
39 112
40 112
125 40
125 39
122 123
41 112
123 123
42 112
43 112
44 112
125 38
125 37
45 112
46 112
47 112
48 112
49 112
123 122
50 112
123 121
123 120
51 112
52 112
53 112
123 119
54 112
55 112
56 112
57 112
123 118
58 112
59 112
60 112
61 112
62 112
125 36
123 117
123 116
63 112
64 112
65 112
66 112
67 112
123 115
123 114
68 112
69 112
70 112
123 113
71 112
72 112
123 112
73 112
123 111
74 112
75 112
125 35
76 112
123 110
77 112
123 109
78 112
79 112
80 112
123 108
73 0
81 112
82 112
83 112
84 112
85 112
86 112
87 112
88 112
89 112
90 112
123 107
91 112
92 112
123 106
123 105
123 104
123 103
123 102
123 101
93 112
94 112
95 112
123 100
96 112
123 99
97 112
98 112
99 112
100 112
101 112
102 112
72 0
103 112
123 98
123 97
123 96
123 95
104 112
105 112
106 112
107 112
108 112
109 112
110 112
111 112
112 112
112 111
112 110
112 109
112 108
112 107
123 94
112 106
112 105
123 93
112 104
112 103
123 92
123 91
112 102
123 90
125 34
123 89
123 88
112 101
112 100
112 99
112 98
112 97
112 96
112 95
123 87
123 86
123 85
112 94
112 93
112 92
123 84
123 83
112 91
112 90
112 89
123 82
112 88
123 81
112 87
125 33
112 86
112 85
123 80
112 84
112 83
112 82
112 81
112 80
123 79
123 78
112 79
112 78
123 77
112 77
123 76
112 76
112 75
112 74
123 75
112 73
112 72
123 74
112 71
112 70
123 73
112 69
123 72
112 68
112 67
112 66
112 65
123 71
112 64
112 63
112 62
112 61
123 70
123 69
112 60
112 59
112 58
112 57
112 56
112 55
112 54
123 68
112 53
125 32
112 52
125 31
112 51
123 67
71 0
112 50
112 49
112 48
123 66
112 47
112 46
112 45
112 44
112 43
123 65
70 0
125 30
112 42
123 64
123 63
123 62
112 41
123 61
112 40
125 29
112 39
112 38
112 37
112 36
112 35
123 60
123 59
125 28
123 58
123 57
112 34
123 56
112 33
125 27
112 32
112 31
112 30
123 55
112 29
112 28
112 27
123 54
112 26
123 53
123 52
112 25
112 24
112 23
123 51
112 22
123 50
123 49
112 21
123 48
112 20
112 19
112 18
112 17
112 16
112 15
112 14
112 13
123 47
123 46
123 45
123 44
111 13
110 13
123 43
109 13
108 13
107 13
123 42
106 13
123 41
123 40
105 13
104 13
103 13
102 13
101 13
100 13
99 13
123 39
98 13
97 13
96 13
95 13
94 13
123 38
93 13
92 13
91 13
90 13
123 37
89 13
88 13
87 13
86 13
85 13
123 36
123 35
84 13
83 13
123 34
82 13
81 13
80 13
123 33
123 32
79 13
78 13
77 13
76 13
123 31
123 30
75 13
123 29
74 13
73 13
72 13
71 13
70 13
69 13
68 13
67 13
66 13
123 28
123 27
65 13
64 13
63 13
62 13
123 26
61 13
123 25
60 13
59 13
58 13
57 13
56 13
123 24
125 26
55 13
54 13
53 13
52 13
51 13
50 13
49 13
123 23
123 22
48 13
123 21
123 20
123 19
47 13
46 13
123 18
123 17
123 16
45 13
44 13
43 13
125 25
42 13
123 15
123 14
41 13
40 13
39 13
38 13
123 13
37 13
123 12
36 13
123 11
123 10
35 13
34 13
123 9
33 13
123 8
32 13
123 7
123 6
31 13
123 5
123 4
30 13
29 13
123 3
28 13
27 13
26 13
25 13
24 13
123 2
122 2
23 13
22 13
121 2
125 24
21 13
125 23
20 13
120 2
119 2
19 13
18 13
118 2
125 22
125 21
17 13
16 13
15 13
14 13
13 13
117 2
116 2
115 2
114 2
12 13
113 2
125 20
12 14
12 15
12 16
112 2
12 17
12 18
111 2
110 2
12 19
109 2
108 2
107 2
106 2
12 20
105 2
12 21
12 22
104 2
12 23
125 19
12 24
12 25
12 26
103 2
12 27
12 28
12 29
12 30
102 2
12 31
12 32
12 33
125 18
12 34
12 35
12 36
12 37
12 38
125 17
12 39
12 40
101 2
12 41
100 2
12 42
12 43
12 44
99 2
98 2
97 2
96 2
12 45
95 2
94 2
93 2
12 46
92 2
12 47
125 16
12 48
12 49
12 50
91 2
12 51
12 52
12 53
12 54
12 55
125 15
90 2
12 56
12 57
12 58
12 59
12 60
12 61
12 62
12 63
12 64
12 65
125 14
12 66
12 67
89 2
12 68
12 69
88 2
87 2
12 70
12 71
86 2
12 72
12 73
12 74
12 75
12 76
12 77
12 78
12 79
85 2
84 2
83 2
82 2
81 2
12 80
80 2
79 2
78 2
12 81
77 2
76 2
75 2
12 82
74 2
73 2
12 83
72 2
12 84
12 85
12 86
71 2
12 87
12 88
70 2
69 2
12 89
68 2
12 90
67 2
12 91
12 92
66 2
12 93
12 94
12 95
65 2
12 96
12 97
64 2
12 98
63 2
12 99
12 100
12 101
12 102
62 2
61 2
60 2
12 103
125 13
12 104
12 105
12 106
12 107
12 108
12 109
12 110
59 2
12 111
12 112
12 113
13 113
14 113
15 113
16 113
17 113
58 2
18 113
19 113
20 113
57 2
56 2
21 113
55 2
54 2
22 113
23 113
53 2
52 2
24 113
25 113
51 2
50 2
125 12
125 11
26 113
27 113
49 2
28 113
29 113
30 113
31 113
32 113
48 2
33 113
47 2
34 113
35 113
46 2
36 113
45 2
37 113
38 113
39 113
40 113
41 113
42 113
43 113
44 113
45 113
44 2
46 113
47 113
48 113
43 2
42 2
125 10
49 113
50 113
41 2
51 113
52 113
53 113
54 113
40 2
39 2
55 113
38 2
56 113
57 113
58 113
37 2
36 2
59 113
35 2
60 113
61 113
62 113
63 113
64 113
65 113
66 113
34 2
67 113
68 113
69 113
70 113
71 113
33 2
72 113
73 113
32 2
74 113
75 113
31 2
76 113
77 113
30 2
78 113
79 113
80 113
81 113
82 113
29 2
28 2
83 113
84 113
85 113
125 9
86 113
87 113
27 2
26 2
88 113
89 113
90 113
91 113
92 113
25 2
93 113
94 113
95 113
24 2
23 2
22 2
96 113
97 113
98 113
99 113
100 113
101 113
21 2
102 113
103 113
104 113
105 113
106 113
107 113
108 113
109 113
125 8
125 7
110 113
20 2
111 113
112 113
19 2
113 113
113 112
113 111
113 110
113 109
113 108
113 107
113 106
113 105
69 0
113 104
113 103
18 2
17 2
113 102
113 101
16 2
113 100
15 2
14 2
113 99
113 98
113 97
113 96
113 95
113 94
113 93
13 2
113 92
113 91
113 90
113 89
