18 7
31 32
32 32
17 7
63 32
32 31
16 7
31 31
15 7
62 24
30 31
14 7
13 7
12 7
30 32
30 33
62 23
31 33
32 33
33 33
33 32
11 7
33 31
10 7
33 30
9 7
32 30
8 7
62 22
7 7
6 7
31 30
30 30
29 30
29 31
29 32
29 33
29 34
30 34
31 34
32 34
33 34
6 8
34 34
34 33
34 32
62 21
34 31
34 30
6 9
34 29
33 29
32 29
31 29
30 29
29 29
6 10
28 29
28 30
28 31
28 32
6 11
6 12
28 33
28 34
28 35
29 35
6 13
30 35
31 35
32 35
6 14
33 35
34 35
35 35
35 34
35 33
35 32
35 31
35 30
35 29
35 28
6 15
34 28
33 28
32 28
31 28
6 16
6 17
6 18
30 28
29 28
28 28
6 19
6 20
27 28
27 29
27 30
62 20
6 21
27 31
27 32
6 22
27 33
6 23
6 24
6 25
27 34
27 35
62 19
27 36
28 36
29 36
30 36
31 36
6 26
32 36
33 36
34 36
6 27
35 36
36 36
36 35
36 34
36 33
36 32
62 18
6 28
36 31
6 29
36 30
36 29
6 30
6 31
6 32
36 28
36 27
35 27
34 27
33 27
6 33
6 34
32 27
31 27
6 35
62 17
30 27
29 27
28 27
27 27
6 36
6 37
26 27
26 28
26 29
6 38
26 30
6 39
26 31
6 40
6 41
26 32
26 33
26 34
26 35
6 42
6 43
6 44
26 36
26 37
27 37
28 37
29 37
30 37
6 45
31 37
6 46
6 47
32 37
62 16
33 37
62 15
34 37
35 37
6 48
36 37
37 37
37 36
6 49
6 50
62 14
6 51
37 35
37 34
6 52
37 33
6 53
37 32
6 54
37 31
37 30
6 55
37 29
6 56
6 57
37 28
37 27
7 57
62 13
8 57
9 57
37 26
10 57
36 26
35 26
34 26
33 26
32 26
11 57
31 26
12 57
30 26
29 26
28 26
62 12
27 26
26 26
13 57
25 26
14 57
62 11
15 57
25 27
25 28
16 57
62 10
62 9
25 29
17 57
25 30
25 31
25 32
25 33
25 34
25 35
25 36
25 37
25 38
26 38
18 57
19 57
27 38
20 57
28 38
29 38
62 8
21 57
30 38
22 57
23 57
31 38
24 57
32 38
33 38
62 7
25 57
34 38
35 38
36 38
37 38
38 38
38 37
38 36
38 35
26 57
38 34
27 57
38 33
28 57
38 32
38 31
29 57
30 57
31 57
38 30
32 57
38 29
33 57
38 28
38 27
38 26
38 25
37 25
34 57
35 57
36 25
36 57
62 6
37 57
38 57
39 57
40 57
35 25
34 25
33 25
32 25
31 25
30 25
41 57
29 25
28 25
27 25
42 57
43 57
26 25
62 5
25 25
24 25
24 26
24 27
24 28
62 4
44 57
24 29
45 57
24 30
46 57
24 31
47 57
24 32
24 33
48 57
24 34
24 35
49 57
24 36
24 37
50 57
24 38
24 39
25 39
51 57
26 39
62 3
52 57
53 57
27 39
28 39
54 57
29 39
30 39
31 39
55 57
32 39
33 39
34 39
35 39
36 39
37 39
38 39
39 39
39 38
39 37
39 36
39 35
39 34
56 57
57 57
57 56
39 33
57 55
57 54
39 32
39 31
39 30
39 29
39 28
39 27
57 53
57 52
57 51
57 50
39 26
39 25
57 49
39 24
38 24
57 48
37 24
62 2
36 24
57 47
35 24
34 24
33 24
32 24
31 24
30 24
29 24
57 46
28 24
57 45
27 24
57 44
26 24
25 24
24 24
23 24
23 25
62 1
61 1
57 43
23 26
23 27
57 42
23 28
23 29
23 30
23 31
23 32
57 41
23 33
23 34
57 40
23 35
23 36
23 37
57 39
23 38
57 38
60 1
23 39
57 37
23 40
24 40
25 40
26 40
57 36
57 35
27 40
28 40
29 40
57 34
30 40
31 40
59 1
32 40
57 33
33 40
34 40
57 32
35 40
57 31
57 30
57 29
57 28
36 40
37 40
38 40
57 27
57 26
39 40
58 1
40 40
40 39
40 38
40 37
40 36
40 35
40 34
40 33
40 32
40 31
57 25
40 30
40 29
57 24
40 28
40 27
57 23
40 26
57 22
57 21
40 25
63 31
57 20
40 24
40 23
39 23
38 23
57 1
37 23
57 19
57 18
57 17
36 23
35 23
34 23
33 23
56 1
32 23
31 23
30 23
29 23
55 1
28 23
57 16
27 23
57 15
26 23
57 14
25 23
24 23
23 23
57 13
54 1
57 12
22 23
57 11
22 24
53 1
57 10
57 9
22 25
52 1
22 26
57 8
22 27
22 28
57 7
22 29
57 6
56 6
55 6
22 30
54 6
51 1
22 31
50 1
53 6
22 32
22 33
22 34
22 35
52 6
22 36
22 37
51 6
22 38
50 6
22 39
22 40
49 6
22 41
23 41
48 6
24 41
25 41
26 41
27 41
28 41
47 6
46 6
29 41
30 41
31 41
32 41
45 6
44 6
43 6
49 1
42 6
48 1
33 41
34 41
35 41
36 41
37 41
41 6
40 6
39 6
47 1
38 41
38 6
39 41
37 6
40 41
36 6
35 6
34 6
33 6
46 1
32 6
45 1
41 41
31 6
41 40
41 39
30 6
41 38
41 37
41 36
29 6
41 35
41 34
41 33
41 32
28 6
41 31
27 6
41 30
41 29
26 6
63 30
41 28
41 27
41 26
25 6
41 25
24 6
41 24
41 23
41 22
40 22
39 22
38 22
23 6
37 22
36 22
35 22
34 22
22 6
21 6
33 22
32 22
31 22
30 22
29 22
20 6
28 22
19 6
27 22
26 22
18 6
44 1
25 22
24 22
23 22
22 22
17 6
16 6
21 22
21 23
21 24
15 6
14 6
21 25
21 26
13 6
21 27
21 28
12 6
21 29
11 6
21 30
43 1
21 31
21 32
21 33
21 34
21 35
21 36
10 6
21 37
9 6
21 38
21 39
21 40
8 6
21 41
21 42
7 6
22 42
6 6
23 42
5 6
24 42
25 42
26 42
42 1
41 1
5 7
27 42
5 8
28 42
40 1
5 9
5 10
5 11
29 42
30 42
5 12
31 42
32 42
33 42
34 42
5 13
35 42
5 14
36 42
37 42
38 42
39 42
40 42
41 42
5 15
42 42
5 16
5 17
39 1
42 41
42 40
42 39
5 18
42 38
5 19
42 37
42 36
42 35
42 34
42 33
42 32
42 31
5 20
5 21
42 30
38 1
5 22
42 29
42 28
42 27
5 23
5 24
37 1
42 26
42 25
36 1
42 24
5 25
42 23
42 22
42 21
5 26
41 21
5 27
5 28
40 21
39 21
38 21
5 29
37 21
36 21
5 30
5 31
35 21
34 21
5 32
33 21
32 21
31 21
30 21
29 21
28 21
27 21
26 21
25 21
24 21
5 33
35 1
5 34
34 1
5 35
5 36
23 21
5 37
22 21
21 21
20 21
20 22
20 23
5 38
20 24
20 25
20 26
5 39
20 27
20 28
20 29
20 30
20 31
33 1
20 32
20 33
20 34
5 40
20 35
20 36
20 37
5 41
20 38
20 39
20 40
5 42
5 43
20 41
20 42
5 44
5 45
5 46
20 43
5 47
21 43
22 43
23 43
24 43
25 43
5 48
26 43
27 43
28 43
29 43
30 43
31 43
5 49
32 43
33 43
34 43
35 43
36 43
5 50
37 43
5 51
38 43
39 43
5 52
40 43
41 43
42 43
43 43
43 42
43 41
43 40
5 53
43 39
43 38
43 37
5 54
5 55
43 36
32 1
5 56
43 35
43 34
43 33
43 32
43 31
5 57
43 30
31 1
43 29
43 28
30 1
43 27
29 1
43 26
43 25
43 24
43 23
43 22
43 21
5 58
43 20
42 20
6 58
41 20
7 58
8 58
9 58
10 58
40 20
39 20
28 1
38 20
37 20
11 58
36 20
12 58
13 58
35 20
34 20
33 20
32 20
31 20
14 58
30 20
15 58
16 58
17 58
29 20
28 20
27 1
26 1
18 58
27 20
19 58
20 58
26 20
25 20
24 20
23 20
22 20
21 20
20 20
19 20
19 21
21 58
19 22
19 23
19 24
19 25
22 58
19 26
23 58
19 27
24 58
25 58
25 1
26 58
19 28
27 58
19 29
24 1
19 30
19 31
19 32
23 1
28 58
19 33
19 34
19 35
29 58
30 58
31 58
19 36
19 37
22 1
21 1
32 58
19 38
19 39
19 40
19 41
19 42
19 43
19 44
20 44
21 44
33 58
22 44
23 44
34 58
24 44
35 58
25 44
26 44
27 44
36 58
37 58
20 1
28 44
29 44
38 58
30 44
31 44
32 44
19 1
33 44
39 58
34 44
35 44
36 44
37 44
38 44
39 44
40 44
41 44
42 44
43 44
44 44
18 1
44 43
44 42
44 41
44 40
44 39
44 38
44 37
40 58
44 36
44 35
44 34
44 33
41 58
44 32
44 31
44 30
44 29
44 28
44 27
44 26
44 25
44 24
44 23
42 58
43 58
44 58
45 58
46 58
47 58
44 22
48 58
44 21
49 58
50 58
17 1
44 20
51 58
44 19
43 19
42 19
41 19
40 19
39 19
52 58
38 19
53 58
37 19
36 19
35 19
34 19
54 58
33 19
55 58
32 19
31 19
30 19
56 58
29 19
28 19
57 58
27 19
26 19
25 19
24 19
23 19
58 58
22 19
16 1
21 19
20 19
58 57
58 56
19 19
18 19
18 20
18 21
15 1
58 55
18 22
18 23
58 54
18 24
18 25
18 26
58 53
18 27
18 28
18 29
58 52
58 51
18 30
18 31
18 32
18 33
58 50
58 49
14 1
18 34
58 48
18 35
58 47
58 46
18 36
18 37
58 45
18 38
18 39
18 40
58 44
18 41
18 42
18 43
18 44
58 43
18 45
58 42
58 41
13 1
19 45
12 1
20 45
21 45
22 45
58 40
23 45
24 45
25 45
58 39
58 38
26 45
63 29
58 37
27 45
28 45
29 45
30 45
58 36
58 35
58 34
58 33
31 45
58 32
32 45
33 45
58 31
11 1
34 45
35 45
36 45
10 1
37 45
38 45
58 30
39 45
40 45
41 45
58 29
42 45
43 45
58 28
58 27
44 45
45 45
58 26
45 44
45 43
45 42
45 41
45 40
58 25
45 39
45 38
58 24
58 23
45 37
58 22
45 36
45 35
45 34
58 21
45 33
58 20
58 19
58 18
58 17
45 32
58 16
45 31
45 30
45 29
45 28
58 15
45 27
45 26
45 25
45 24
45 23
45 22
45 21
45 20
58 14
45 19
45 18
44 18
43 18
9 1
58 13
42 18
58 12
41 18
40 18
58 11
39 18
58 10
58 9
38 18
58 8
37 18
58 7
58 6
36 18
35 18
8 1
34 18
58 5
33 18
32 18
31 18
30 18
29 18
28 18
27 18
57 5
26 18
25 18
24 18
56 5
23 18
55 5
54 5
53 5
52 5
22 18
21 18
20 18
19 18
51 5
18 18
17 18
50 5
17 19
17 20
49 5
17 21
17 22
17 23
17 24
7 1
17 25
48 5
47 5
46 5
17 26
45 5
17 27
44 5
17 28
17 29
17 30
17 31
17 32
17 33
17 34
43 5
42 5
41 5
40 5
17 35
17 36
17 37
17 38
39 5
17 39
17 40
17 41
17 42
17 43
17 44
38 5
17 45
37 5
17 46
18 46
6 1
19 46
20 46
21 46
22 46
23 46
24 46
25 46
26 46
27 46
36 5
35 5
28 46
29 46
34 5
33 5
32 5
30 46
31 5
30 5
31 46
32 46
29 5
33 46
34 46
35 46
36 46
37 46
28 5
38 46
39 46
40 46
27 5
41 46
42 46
26 5
43 46
44 46
45 46
46 46
46 45
46 44
46 43
46 42
5 1
46 41
46 40
25 5
46 39
46 38
46 37
46 36
46 35
24 5
46 34
46 33
46 32
46 31
23 5
4 1
3 1
22 5
21 5
46 30
20 5
46 29
46 28
19 5
46 27
18 5
17 5
2 1
46 26
16 5
46 25
46 24
15 5
46 23
46 22
46 21
14 5
46 20
1 1
13 5
46 19
12 5
46 18
46 17
0 1
45 17
11 5
10 5
44 17
9 5
43 17
8 5
42 17
41 17
40 17
39 17
7 5
38 17
37 17
0 2
36 17
35 17
6 5
34 17
33 17
5 5
32 17
31 17
0 3
4 5
30 17
29 17
4 6
28 17
27 17
26 17
4 7
25 17
4 8
24 17
23 17
22 17
4 9
4 10
0 4
21 17
4 11
20 17
4 12
4 13
4 14
4 15
4 16
0 5
19 17
18 17
17 17
16 17
4 17
16 18
16 19
16 20
16 21
4 18
4 19
4 20
16 22
0 6
16 23
4 21
16 24
16 25
16 26
16 27
4 22
16 28
4 23
0 7
16 29
16 30
16 31
4 24
16 32
16 33
16 34
4 25
16 35
16 36
16 37
16 38
16 39
4 26
16 40
4 27
0 8
16 41
16 42
16 43
4 28
4 29
16 44
16 45
4 30
16 46
16 47
17 47
4 31
4 32
18 47
19 47
0 9
20 47
21 47
4 33
22 47
4 34
23 47
24 47
4 35
25 47
0 10
26 47
0 11
27 47
28 47
4 36
4 37
29 47
30 47
4 38
4 39
4 40
31 47
32 47
33 47
4 41
34 47
35 47
0 12
36 47
4 42
37 47
38 47
39 47
40 47
4 43
41 47
4 44
42 47
43 47
44 47
45 47
4 45
46 47
47 47
47 46
47 45
47 44
0 13
47 43
4 46
0 14
47 42
4 47
47 41
4 48
47 40
0 15
4 49
47 39
47 38
47 37
47 36
4 50
47 35
4 51
47 34
47 33
0 16
4 52
47 32
47 31
4 53
4 54
4 55
4 56
0 17
0 18
47 30
47 29
47 28
47 27
47 26
4 57
47 25
4 58
47 24
4 59
47 23
47 22
47 21
47 20
47 19
47 18
47 17
0 19
47 16
5 59
6 59
7 59
46 16
0 20
45 16
44 16
43 16
42 16
41 16
40 16
8 59
39 16
9 59
38 16
10 59
37 16
0 21
36 16
35 16
34 16
11 59
0 22
12 59
13 59
14 59
33 16
32 16
31 16
30 16
29 16
28 16
27 16
15 59
26 16
16 59
25 16
24 16
0 23
23 16
22 16
21 16
20 16
19 16
18 16
17 59
18 59
17 16
19 59
20 59
21 59
22 59
23 59
16 16
15 16
15 17
15 18
15 19
24 59
15 20
15 21
15 22
15 23
25 59
26 59
15 24
15 25
15 26
0 24
15 27
15 28
27 59
15 29
15 30
15 31
15 32
28 59
29 59
15 33
30 59
31 59
15 34
32 59
15 35
15 36
15 37
0 25
15 38
33 59
34 59
15 39
35 59
36 59
15 40
15 41
37 59
38 59
15 42
15 43
15 44
15 45
39 59
15 46
15 47
40 59
41 59
15 48
16 48
17 48
42 59
18 48
19 48
43 59
20 48
21 48
22 48
23 48
24 48
25 48
26 48
27 48
44 59
28 48
29 48
30 48
31 48
32 48
33 48
45 59
34 48
35 48
36 48
46 59
47 59
37 48
38 48
39 48
48 59
40 48
49 59
50 59
41 48
42 48
43 48
0 26
44 48
51 59
52 59
45 48
46 48
47 48
48 48
48 47
48 46
48 45
48 44
53 59
48 43
48 42
48 41
48 40
48 39
48 38
54 59
55 59
56 59
48 37
48 36
48 35
48 34
48 33
48 32
48 31
57 59
48 30
58 59
48 29
48 28
59 59
59 58
0 27
59 57
59 56
48 27
59 55
48 26
48 25
48 24
59 54
59 53
48 23
59 52
48 22
59 51
59 50
48 21
59 49
48 20
0 28
48 19
48 18
48 17
48 16
48 15
47 15
46 15
45 15
44 15
43 15
42 15
41 15
40 15
39 15
38 15
37 15
59 48
59 47
36 15
35 15
34 15
33 15
32 15
59 46
31 15
30 15
29 15
59 45
28 15
59 44
0 29
59 43
0 30
59 42
27 15
26 15
25 15
24 15
23 15
59 41
22 15
21 15
20 15
19 15
59 40
18 15
59 39
17 15
59 38
16 15
59 37
15 15
14 15
59 36
59 35
59 34
14 16
14 17
14 18
14 19
0 31
14 20
14 21
59 33
59 32
59 31
14 22
59 30
14 23
14 24
59 29
14 25
14 26
0 32
14 27
0 33
63 28
14 28
14 29
59 28
14 30
14 31
14 32
14 33
59 27
14 34
59 26
14 35
59 25
14 36
14 37
14 38
14 39
59 24
14 40
14 41
14 42
14 43
14 44
14 45
59 23
14 46
14 47
14 48
14 49
0 34
15 49
59 22
16 49
17 49
18 49
19 49
20 49
21 49
22 49
23 49
24 49
25 49
0 35
26 49
27 49
28 49
29 49
30 49
31 49
59 21
32 49
33 49
34 49
59 20
59 19
59 18
35 49
36 49
37 49
59 17
38 49
59 16
39 49
40 49
59 15
41 49
42 49
0 36
43 49
44 49
45 49
46 49
59 14
59 13
59 12
59 11
59 10
47 49
48 49
49 49
49 48
49 47
49 46
59 9
59 8
49 45
49 44
49 43
49 42
49 41
0 37
59 7
49 40
49 39
49 38
59 6
59 5
59 4
0 38
58 4
49 37
49 36
57 4
49 35
56 4
49 34
55 4
54 4
49 33
53 4
52 4
49 32
49 31
49 30
49 29
49 28
49 27
51 4
50 4
49 26
49 25
49 4
48 4
49 24
49 23
0 39
49 22
49 21
49 20
47 4
49 19
49 18
63 27
49 17
0 40
49 16
49 15
49 14
46 4
48 14
47 14
46 14
45 14
44 14
43 14
45 4
44 4
42 14
41 14
43 4
40 14
39 14
42 4
38 14
37 14
41 4
36 14
35 14
34 14
33 14
40 4
39 4
32 14
38 4
31 14
0 41
30 14
29 14
28 14
27 14
26 14
25 14
24 14
37 4
36 4
23 14
0 42
35 4
34 4
33 4
22 14
21 14
32 4
31 4
20 14
19 14
18 14
30 4
17 14
29 4
16 14
15 14
14 14
13 14
28 4
13 15
13 16
0 43
13 17
13 18
27 4
26 4
25 4
13 19
24 4
13 20
13 21
23 4
22 4
21 4
13 22
20 4
13 23
13 24
13 25
13 26
13 27
13 28
19 4
18 4
13 29
17 4
13 30
16 4
15 4
0 44
13 31
13 32
14 4
13 33
13 34
13 4
13 35
13 36
13 37
13 38
13 39
13 40
13 41
12 4
13 42
13 43
13 44
11 4
13 45
10 4
9 4
63 19
13 46
13 47
13 48
13 49
8 4
13 50
7 4
6 4
5 4
14 50
4 4
15 50
16 50
17 50
18 50
19 50
20 50
3 4
21 50
22 50
23 50
3 5
24 50
3 6
25 50
3 7
3 8
26 50
27 50
63 26
0 45
3 9
3 10
28 50
29 50
30 50
3 11
31 50
32 50
3 12
3 13
33 50
3 14
34 50
0 46
3 15
0 47
3 16
35 50
36 50
3 17
37 50
38 50
39 50
3 18
3 19
40 50
41 50
42 50
43 50
3 20
3 21
0 48
3 22
44 50
3 23
45 50
46 50
3 24
47 50
3 25
48 50
49 50
50 50
3 26
50 49
3 27
3 28
50 48
3 29
3 30
50 47
50 46
50 45
50 44
50 43
50 42
50 41
0 49
50 40
63 25
50 39
50 38
50 37
50 36
0 50
3 31
3 32
50 35
3 33
50 34
3 34
50 33
50 32
3 35
50 31
50 30
50 29
50 28
50 27
50 26
50 25
50 24
50 23
50 22
3 36
3 37
3 38
50 21
50 20
3 39
50 19
50 18
50 17
50 16
50 15
50 14
50 13
3 40
3 41
49 13
3 42
48 13
3 43
0 51
3 44
47 13
3 45
3 46
46 13
3 47
3 48
45 13
44 13
43 13
3 49
42 13
3 50
3 51
41 13
3 52
0 52
40 13
39 13
38 13
37 13
36 13
35 13
34 13
33 13
0 53
3 53
32 13
3 54
31 13
0 54
0 55
0 56
3 55
30 13
29 13
28 13
3 56
3 57
27 13
26 13
3 58
25 13
0 57
3 59
24 13
23 13
3 60
22 13
21 13
4 60
20 13
5 60
6 60
7 60
0 58
19 13
8 60
18 13
17 13
16 13
15 13
14 13
13 13
12 13
12 14
12 15
12 16
0 59
12 17
12 18
12 19
9 60
10 60
12 20
12 21
12 22
12 23
12 24
11 60
12 25
12 60
12 26
13 60
14 60
12 27
12 28
15 60
12 29
16 60
0 60
12 30
12 31
12 32
12 33
12 34
17 60
12 35
12 36
18 60
12 37
19 60
20 60
12 38
12 39
21 60
22 60
23 60
12 40
0 61
24 60
12 41
12 42
25 60
12 43
26 60
27 60
12 44
28 60
29 60
12 45
12 46
12 47
12 48
12 49
30 60
12 50
31 60
12 51
32 60
0 62
33 60
34 60
13 51
14 51
15 51
16 51
17 51
18 51
19 51
20 51
21 51
22 51
23 51
24 51
35 60
36 60
25 51
26 51
27 51
28 51
29 51
37 60
30 51
31 51
0 63
38 60
32 51
33 51
1 63
39 60
40 60
34 51
41 60
42 60
35 51
36 51
37 51
38 51
43 60
39 51
40 51
41 51
42 51
44 60
43 51
44 51
45 60
46 60
47 60
45 51
46 51
47 51
48 60
49 60
50 60
48 51
49 51
50 51
51 60
52 60
51 51
51 50
51 49
51 48
53 60
54 60
55 60
51 47
56 60
51 46
51 45
51 44
57 60
51 43
51 42
51 41
51 40
51 39
51 38
51 37
51 36
51 35
58 60
51 34
59 60
51 33
51 32
2 63
60 60
60 59
51 31
51 30
51 29
60 58
51 28
51 27
60 57
51 26
60 56
51 25
51 24
51 23
51 22
51 21
51 20
51 19
60 55
51 18
51 17
51 16
51 15
60 54
60 53
51 14
60 52
51 13
51 12
50 12
49 12
60 51
48 12
47 12
46 12
45 12
44 12
43 12
42 12
41 12
40 12
39 12
60 50
38 12
60 49
60 48
37 12
60 47
36 12
35 12
60 46
34 12
60 45
60 44
33 12
60 43
32 12
31 12
30 12
3 63
60 42
29 12
28 12
60 41
27 12
26 12
60 40
60 39
60 38
25 12
24 12
4 63
60 37
63 24
23 12
22 12
60 36
60 35
21 12
60 34
60 33
60 32
60 31
60 30
20 12
60 29
60 28
19 12
60 27
60 26
18 12
17 12
60 25
60 24
16 12
15 12
14 12
60 23
13 12
12 12
60 22
11 12
11 13
11 14
60 21
60 20
11 15
5 63
11 16
11 17
60 19
11 18
60 18
11 19
11 20
6 63
11 21
11 22
60 17
11 23
11 24
11 25
11 26
11 27
60 16
11 28
60 15
11 29
60 14
11 30
11 31
11 32
11 33
11 34
60 13
60 12
11 35
60 11
60 10
11 36
60 9
60 8
11 37
60 7
60 6
11 38
11 39
11 40
60 5
11 41
60 4
60 3
59 3
11 42
11 43
58 3
11 44
11 45
57 3
11 46
56 3
11 47
55 3
11 48
11 49
11 50
11 51
54 3
11 52
12 52
13 52
14 52
7 63
15 52
16 52
17 52
18 52
53 3
52 3
19 52
20 52
51 3
50 3
49 3
21 52
48 3
22 52
23 52
24 52
47 3
25 52
46 3
26 52
27 52
45 3
28 52
29 52
44 3
43 3
30 52
31 52
8 63
32 52
33 52
42 3
41 3
34 52
35 52
40 3
36 52
39 3
37 52
38 3
38 52
37 3
36 3
39 52
40 52
41 52
42 52
35 3
43 52
44 52
45 52
46 52
47 52
34 3
48 52
33 3
49 52
32 3
50 52
51 52
31 3
52 52
52 51
52 50
9 63
52 49
30 3
52 48
52 47
29 3
28 3
52 46
52 45
27 3
52 44
26 3
25 3
52 43
52 42
24 3
52 41
52 40
10 63
52 39
52 38
23 3
52 37
22 3
21 3
20 3
52 36
52 35
52 34
52 33
52 32
52 31
11 63
19 3
52 30
18 3
52 29
52 28
52 27
17 3
52 26
52 25
16 3
15 3
52 24
14 3
52 23
52 22
52 21
13 3
52 20
52 19
52 18
52 17
12 3
11 3
52 16
10 3
52 15
9 3
52 14
8 3
52 13
52 12
52 11
51 11
50 11
7 3
49 11
12 63
48 11
6 3
47 11
46 11
45 11
44 11
5 3
43 11
42 11
41 11
4 3
3 3
40 11
39 11
2 3
13 63
38 11
37 11
2 4
14 63
36 11
35 11
34 11
33 11
32 11
31 11
30 11
29 11
2 5
28 11
27 11
15 63
26 11
2 6
25 11
2 7
24 11
23 11
22 11
2 8
21 11
2 9
20 11
19 11
2 10
2 11
18 11
17 11
16 11
15 11
14 11
2 12
13 11
2 13
2 14
12 11
11 11
16 63
10 11
10 12
10 13
10 14
10 15
10 16
10 17
2 15
2 16
2 17
2 18
10 18
10 19
63 23
10 20
10 21
10 22
10 23
10 24
10 25
10 26
2 19
17 63
10 27
2 20
18 63
2 21
10 28
10 29
10 30
10 31
2 22
10 32
10 33
2 23
2 24
10 34
2 25
10 35
10 36
2 26
10 37
10 38
10 39
10 40
2 27
10 41
10 42
10 43
10 44
10 45
10 46
10 47
10 48
10 49
10 50
10 51
10 52
10 53
2 28
11 53
12 53
13 53
14 53
2 29
15 53
19 63
2 30
16 53
2 31
2 32
17 53
2 33
18 53
2 34
19 53
20 53
21 53
22 53
23 53
2 35
2 36
24 53
25 53
20 63
2 37
21 63
26 53
2 38
22 63
23 63
27 53
28 53
2 39
29 53
30 53
31 53
2 40
2 41
2 42
32 53
2 43
2 44
33 53
34 53
24 63
35 53
2 45
2 46
2 47
2 48
36 53
37 53
38 53
39 53
40 53
41 53
42 53
43 53
44 53
2 49
25 63
2 50
45 53
2 51
2 52
2 53
46 53
26 63
47 53
48 53
2 54
2 55
49 53
50 53
27 63
51 53
52 53
53 53
2 56
2 57
53 52
2 58
2 59
53 51
53 50
53 49
53 48
53 47
53 46
2 60
53 45
2 61
53 44
53 43
3 61
53 42
53 41
53 40
4 61
5 61
53 39
6 61
7 61
53 38
8 61
53 37
53 36
53 35
9 61
53 34
10 61
11 61
53 33
53 32
12 61
53 31
13 61
28 63
53 30
53 29
53 28
14 61
53 27
53 26
53 25
53 24
53 23
15 61
16 61
53 22
53 21
53 20
53 19
53 18
53 17
17 61
29 63
53 16
53 15
53 14
18 61
19 61
53 13
53 12
53 11
20 61
30 63
53 10
52 10
21 61
31 63
51 10
22 61
50 10
49 10
48 10
47 10
46 10
23 61
24 61
32 63
45 10
44 10
43 10
25 61
42 10
33 63
41 10
40 10
34 63
26 61
27 61
39 10
38 10
37 10
36 10
35 63
28 61
35 10
34 10
33 10
32 10
31 10
30 10
29 10
28 10
27 10
26 10
25 10
29 61
24 10
30 61
23 10
22 10
21 10
20 10
19 10
18 10
36 63
17 10
16 10
15 10
14 10
13 10
37 63
12 10
31 61
32 61
33 61
11 10
10 10
9 10
34 61
35 61
36 61
9 11
9 12
37 61
9 13
9 14
38 61
9 15
39 61
38 63
40 61
41 61
9 16
9 17
9 18
42 61
43 61
44 61
9 19
45 61
9 20
9 21
46 61
47 61
9 22
48 61
49 61
50 61
9 23
51 61
52 61
9 24
9 25
53 61
9 26
9 27
9 28
9 29
9 30
9 31
9 32
9 33
54 61
9 34
9 35
9 36
55 61
56 61
9 37
9 38
57 61
58 61
59 61
9 39
60 61
9 40
61 61
9 41
9 42
39 63
9 43
61 60
9 44
40 63
9 45
9 46
9 47
61 59
9 48
61 58
9 49
9 50
61 57
9 51
9 52
61 56
9 53
9 54
61 55
10 54
61 54
11 54
12 54
13 54
41 63
14 54
15 54
16 54
42 63
17 54
61 53
18 54
19 54
20 54
21 54
22 54
23 54
24 54
25 54
61 52
26 54
27 54
28 54
61 51
29 54
30 54
31 54
61 50
32 54
61 49
61 48
33 54
34 54
35 54
36 54
37 54
38 54
39 54
61 47
61 46
40 54
61 45
41 54
61 44
61 43
42 54
61 42
43 63
61 41
43 54
61 40
61 39
61 38
61 37
44 54
61 36
61 35
45 54
46 54
47 54
48 54
49 54
44 63
50 54
51 54
52 54
53 54
61 34
54 54
45 63
54 53
61 33
54 52
61 32
54 51
54 50
54 49
54 48
54 47
54 46
54 45
54 44
63 22
61 31
61 30
54 43
54 42
54 41
61 29
61 28
54 40
61 27
54 39
54 38
61 26
61 25
54 37
61 24
54 36
46 63
61 23
54 35
54 34
61 22
61 21
47 63
54 33
54 32
48 63
54 31
54 30
61 20
54 29
54 28
54 27
61 19
54 26
54 25
54 24
54 23
54 22
61 18
54 21
54 20
49 63
61 17
61 16
61 15
50 63
54 19
61 14
54 18
54 17
54 16
54 15
61 13
54 14
61 12
54 13
54 12
54 11
54 10
61 11
54 9
53 9
52 9
61 10
51 9
50 9
49 9
48 9
47 9
61 9
61 8
61 7
61 6
61 5
61 4
46 9
45 9
51 63
44 9
43 9
61 3
42 9
41 9
40 9
39 9
61 2
38 9
60 2
37 9
59 2
58 2
36 9
35 9
34 9
33 9
57 2
32 9
56 2
55 2
31 9
30 9
54 2
29 9
28 9
27 9
26 9
25 9
24 9
23 9
53 2
52 2
22 9
21 9
20 9
51 2
19 9
18 9
17 9
16 9
15 9
14 9
13 9
12 9
50 2
11 9
10 9
49 2
9 9
48 2
8 9
8 10
8 11
8 12
8 13
47 2
46 2
8 14
8 15
8 16
8 17
45 2
44 2
8 18
8 19
8 20
8 21
8 22
8 23
8 24
43 2
63 21
8 25
8 26
52 63
42 2
8 27
41 2
40 2
8 28
8 29
39 2
8 30
8 31
38 2
53 63
37 2
8 32
8 33
8 34
8 35
8 36
8 37
8 38
8 39
8 40
8 41
36 2
8 42
8 43
8 44
8 45
35 2
8 46
34 2
8 47
8 48
8 49
8 50
8 51
54 63
33 2
32 2
31 2
55 63
8 52
8 53
8 54
8 55
9 55
10 55
56 63
11 55
30 2
12 55
13 55
14 55
57 63
29 2
15 55
16 55
17 55
28 2
18 55
19 55
27 2
20 55
21 55
58 63
22 55
23 55
26 2
24 55
59 63
25 2
25 55
26 55
27 55
24 2
28 55
29 55
23 2
60 63
30 55
61 63
22 2
21 2
31 55
20 2
19 2
18 2
32 55
17 2
33 55
34 55
35 55
16 2
15 2
36 55
14 2
37 55
38 55
39 55
40 55
41 55
13 2
42 55
43 55
12 2
44 55
11 2
45 55
10 2
46 55
9 2
8 2
47 55
7 2
48 55
62 63
6 2
5 2
49 55
4 2
50 55
51 55
52 55
3 2
2 2
53 55
54 55
55 55
55 54
55 53
1 2
55 52
55 51
63 63
1 3
55 50
1 4
1 5
1 6
1 7
55 49
55 48
1 8
55 47
55 46
55 45
1 9
55 44
55 43
1 10
55 42
1 11
55 41
55 40
55 39
1 12
55 38
55 37
55 36
1 13
55 35
1 14
55 34
1 15
63 62
55 33
55 32
55 31
1 16
55 30
1 17
55 29
55 28
1 18
55 27
1 19
1 20
1 21
55 26
63 61
63 60
1 22
1 23
55 25
55 24
55 23
1 24
55 22
55 21
1 25
1 26
55 20
55 19
55 18
1 27
1 28
1 29
55 17
55 16
55 15
55 14
1 30
55 13
55 12
55 11
55 10
1 31
1 32
55 9
63 59
1 33
55 8
1 34
54 8
63 58
1 35
53 8
52 8
51 8
50 8
1 36
1 37
49 8
48 8
47 8
46 8
1 38
1 39
45 8
44 8
1 40
43 8
42 8
41 8
40 8
39 8
38 8
37 8
1 41
36 8
35 8
34 8
33 8
1 42
1 43
32 8
1 44
31 8
30 8
29 8
1 45
28 8
27 8
26 8
1 46
1 47
1 48
25 8
63 57
24 8
23 8
1 49
22 8
1 50
1 51
21 8
63 56
20 8
19 8
1 52
18 8
1 53
1 54
17 8
1 55
1 56
16 8
1 57
1 58
15 8
14 8
13 8
12 8
1 59
1 60
11 8
1 61
1 62
10 8
9 8
2 62
63 55
3 62
8 8
7 8
7 9
7 10
7 11
7 12
7 13
7 14
7 15
7 16
7 17
4 62
5 62
7 18
7 19
7 20
63 54
7 21
7 22
7 23
7 24
7 25
63 53
6 62
7 26
7 27
7 62
7 28
7 29
7 30
8 62
9 62
63 52
7 31
10 62
11 62
7 32
12 62
13 62
7 33
7 34
7 35
7 36
14 62
63 51
15 62
16 62
7 37
63 50
17 62
18 62
19 62
20 62
21 62
7 38
7 39
7 40
22 62
7 41
7 42
23 62
7 43
24 62
25 62
26 62
27 62
28 62
7 44
7 45
7 46
29 62
30 62
7 47
7 48
7 49
7 50
31 62
63 49
32 62
7 51
7 52
7 53
63 48
7 54
33 62
34 62
35 62
7 55
7 56
8 56
9 56
10 56
36 62
37 62
63 47
11 56
12 56
38 62
13 56
39 62
40 62
41 62
14 56
42 62
15 56
16 56
17 56
63 46
63 45
43 62
44 62
18 56
19 56
45 62
20 56
46 62
21 56
22 56
23 56
24 56
25 56
26 56
63 44
27 56
28 56
29 56
47 62
30 56
31 56
32 56
33 56
34 56
35 56
36 56
48 62
37 56
38 56
49 62
63 43
50 62
39 56
40 56
41 56
42 56
51 62
43 56
44 56
45 56
46 56
47 56
48 56
49 56
50 56
51 56
52 62
53 62
52 56
53 56
54 62
55 62
54 56
56 62
55 56
63 42
57 62
58 62
59 62
56 56
56 55
63 41
56 54
56 53
60 62
56 52
56 51
56 50
61 62
56 49
56 48
62 62
56 47
62 61
62 60
63 40
62 59
62 58
56 46
62 57
56 45
56 44
56 43
56 42
56 41
56 40
56 39
56 38
56 37
62 56
56 36
56 35
62 55
62 54
62 53
62 52
56 34
62 51
63 39
56 33
62 50
56 32
56 31
63 38
62 49
56 30
56 29
56 28
56 27
56 26
56 25
56 24
56 23
62 48
56 22
56 21
56 20
62 47
56 19
56 18
56 17
56 16
56 15
63 37
56 14
56 13
63 20
63 36
56 12
56 11
56 10
62 46
62 45
62 44
56 9
56 8
62 43
56 7
62 42
63 35
62 41
62 40
55 7
54 7
62 39
53 7
62 38
52 7
51 7
62 37
50 7
49 7
48 7
62 36
47 7
62 35
46 7
62 34
45 7
44 7
43 7
62 33
42 7
41 7
40 7
39 7
62 32
62 31
38 7
63 34
37 7
36 7
35 7
34 7
33 7
32 7
62 30
62 29
31 7
62 28
30 7
29 7
28 7
27 7
26 7
63 33
62 27
25 7
62 26
24 7
23 7
22 7
62 25
21 7
20 7
19 7
