16 16
17 16
29 26
17 15
16 15
15 15
32 26
29 25
15 16
29 24
15 17
29 23
16 17
17 17
18 17
29 22
32 25
0 1
18 16
29 21
29 20
18 15
29 19
18 14
17 14
29 18
16 14
29 17
15 14
29 16
29 15
14 14
14 15
29 14
14 16
14 17
14 18
15 18
32 24
16 18
17 18
18 18
19 18
19 17
32 23
19 16
29 13
29 12
19 15
19 14
19 13
18 13
17 13
29 11
16 13
15 13
29 10
14 13
13 13
29 9
13 14
29 8
13 15
13 16
13 17
13 18
29 7
13 19
29 6
14 19
29 5
29 4
15 19
16 19
17 19
18 19
29 3
19 19
20 19
28 3
20 18
20 17
27 3
20 16
20 15
20 14
26 3
20 13
20 12
19 12
18 12
17 12
25 3
16 12
15 12
14 12
24 3
13 12
12 12
12 13
32 22
32 21
12 14
23 3
12 15
22 3
12 16
21 3
12 17
20 3
12 18
12 19
12 20
13 20
14 20
32 20
19 3
15 20
16 20
17 20
18 20
18 3
19 20
20 20
21 20
17 3
21 19
21 18
16 3
21 17
32 19
21 16
21 15
21 14
21 13
21 12
15 3
14 3
21 11
32 18
20 11
19 11
18 11
17 11
13 3
12 3
16 11
11 3
15 11
14 11
13 11
12 11
10 3
11 11
11 12
11 13
11 14
11 15
11 16
11 17
11 18
9 3
11 19
8 3
11 20
11 21
12 21
13 21
7 3
14 21
15 21
16 21
17 21
6 3
5 3
4 3
18 21
19 21
20 21
21 21
22 21
3 3
22 20
22 19
22 18
22 17
22 16
3 4
22 15
3 5
22 14
3 6
22 13
22 12
22 11
22 10
21 10
20 10
32 17
19 10
3 7
18 10
17 10
3 8
16 10
15 10
14 10
13 10
12 10
11 10
10 10
10 11
10 12
10 13
10 14
3 9
0 10
10 15
3 10
3 11
10 16
10 17
3 12
10 18
10 19
3 13
3 14
32 16
3 15
10 20
10 21
10 22
11 22
3 16
12 22
13 22
14 22
3 17
15 22
3 18
16 22
3 19
17 22
18 22
19 22
20 22
21 22
3 20
22 22
23 22
23 21
23 20
3 21
23 19
3 22
32 15
23 18
23 17
23 16
3 23
23 15
23 14
3 24
23 13
23 12
32 14
23 11
32 13
23 10
23 9
3 25
22 9
21 9
3 26
20 9
3 27
32 12
19 9
18 9
32 11
17 9
16 9
15 9
14 9
3 28
13 9
12 9
3 29
11 9
4 29
10 9
9 9
9 10
9 11
5 29
9 12
9 13
9 14
9 15
9 16
9 17
9 18
6 29
32 10
9 19
9 20
32 9
9 21
9 22
7 29
8 29
9 23
10 23
9 29
32 8
10 29
11 23
11 29
12 29
13 29
32 7
32 6
12 23
0 2
14 29
13 23
32 5
14 23
15 23
16 23
17 23
18 23
19 23
15 29
20 23
16 29
21 23
22 23
23 23
24 23
17 29
18 29
24 22
19 29
24 21
24 20
20 29
21 29
24 19
24 18
22 29
0 3
23 29
24 17
24 16
24 29
0 4
24 15
25 29
24 14
26 29
24 13
24 12
24 11
24 10
27 29
28 29
29 29
24 9
24 8
23 8
30 29
22 8
21 8
30 28
20 8
30 27
30 26
19 8
18 8
30 25
17 8
16 8
30 24
15 8
14 8
13 8
30 23
30 22
12 8
11 8
30 21
10 8
9 8
30 20
8 8
30 19
30 18
8 9
30 17
8 10
32 4
8 11
8 12
8 13
8 14
30 16
30 15
8 15
8 16
8 17
8 18
8 19
8 20
30 14
30 13
30 12
8 21
30 11
30 10
30 9
8 22
8 23
30 8
8 24
9 24
10 24
11 24
30 7
12 24
13 24
14 24
15 24
16 24
17 24
30 6
30 5
32 3
18 24
30 4
32 2
19 24
20 24
30 3
30 2
21 24
22 24
29 2
23 24
28 2
24 24
27 2
25 24
26 2
25 2
24 2
25 23
23 2
25 22
22 2
25 21
25 20
25 19
25 18
25 17
25 16
25 15
32 1
21 2
20 2
25 14
19 2
18 2
25 13
25 12
25 11
32 0
17 2
25 10
25 9
25 8
31 0
16 2
30 0
15 2
25 7
24 7
14 2
13 2
23 7
22 7
21 7
20 7
19 7
18 7
12 2
17 7
11 2
16 7
10 2
15 7
14 7
13 7
12 7
11 7
10 7
9 7
9 2
8 7
8 2
7 7
7 2
7 8
29 0
7 9
7 10
6 2
5 2
7 11
7 12
7 13
7 14
7 15
7 16
7 17
7 18
7 19
7 20
0 5
4 2
7 21
7 22
3 2
7 23
2 2
7 24
7 25
8 25
2 3
9 25
10 25
11 25
12 25
13 25
2 4
14 25
2 5
2 6
28 0
2 7
2 8
2 9
27 0
2 10
0 6
2 11
2 12
2 13
2 14
15 25
2 15
2 16
2 17
16 25
17 25
26 0
2 18
18 25
19 25
2 19
20 25
21 25
22 25
23 25
24 25
25 25
26 25
26 24
2 20
26 23
26 22
26 21
26 20
26 19
26 18
2 21
26 17
2 22
26 16
25 0
24 0
26 15
2 23
2 24
26 14
26 13
23 0
2 25
26 12
26 11
26 10
26 9
2 26
2 27
26 8
26 7
26 6
25 6
24 6
23 6
2 28
22 6
21 6
22 0
21 0
20 6
19 6
18 6
17 6
16 6
2 29
2 30
20 0
15 6
3 30
14 6
4 30
13 6
12 6
11 6
5 30
6 30
10 6
7 30
9 6
8 6
8 30
9 30
10 30
19 0
7 6
6 6
6 7
18 0
11 30
12 30
6 8
6 9
6 10
6 11
6 12
13 30
6 13
14 30
15 30
16 30
6 14
17 30
18 30
19 30
6 15
6 16
20 30
6 17
6 18
6 19
6 20
17 0
21 30
6 21
6 22
6 23
22 30
23 30
6 24
24 30
6 25
25 30
6 26
7 26
26 30
16 0
8 26
15 0
9 26
10 26
11 26
27 30
14 0
12 26
13 26
14 26
28 30
29 30
30 30
15 26
16 26
17 26
31 30
18 26
19 26
31 29
20 26
31 28
31 27
21 26
22 26
23 26
31 26
31 25
24 26
31 24
25 26
26 26
27 26
31 23
27 25
31 22
27 24
31 21
13 0
27 23
31 20
27 22
27 21
27 20
27 19
27 18
27 17
31 19
27 16
27 15
31 18
27 14
27 13
31 17
27 12
27 11
27 10
27 9
27 8
31 16
31 15
31 14
31 13
12 0
27 7
27 6
31 12
27 5
26 5
25 5
24 5
31 11
0 7
23 5
31 10
31 9
22 5
31 8
31 7
31 6
21 5
20 5
19 5
31 5
18 5
0 8
17 5
31 4
16 5
31 3
31 2
15 5
14 5
31 1
13 5
12 5
11 5
10 5
30 1
29 1
28 1
27 1
9 5
26 1
25 1
8 5
24 1
23 1
7 5
6 5
5 5
5 6
5 7
5 8
22 1
21 1
5 9
5 10
20 1
5 11
11 0
5 12
5 13
5 14
5 15
5 16
19 1
10 0
5 17
18 1
17 1
5 18
5 19
16 1
5 20
5 21
5 22
5 23
15 1
5 24
14 1
13 1
5 25
12 1
11 1
5 26
10 1
9 1
8 1
7 1
5 27
6 27
7 27
8 27
9 27
6 1
10 27
5 1
11 27
12 27
4 1
3 1
13 27
2 1
9 0
14 27
15 27
16 27
1 1
1 2
17 27
18 27
19 27
20 27
1 3
21 27
1 4
22 27
23 27
24 27
25 27
26 27
27 27
1 5
28 27
1 6
28 26
28 25
28 24
28 23
28 22
1 7
1 8
28 21
28 20
28 19
0 9
1 9
1 10
28 18
1 11
28 17
28 16
28 15
1 12
1 13
28 14
1 14
1 15
1 16
1 17
28 13
28 12
28 11
28 10
28 9
28 8
1 18
28 7
28 6
1 19
8 0
1 20
28 5
28 4
1 21
1 22
27 4
1 23
26 4
1 24
25 4
7 0
24 4
23 4
1 25
1 26
1 27
6 0
22 4
21 4
20 4
1 28
19 4
1 29
18 4
17 4
16 4
15 4
14 4
1 30
1 31
13 4
2 31
12 4
11 4
3 31
4 31
10 4
9 4
5 31
8 4
6 31
7 4
7 31
8 31
6 4
9 31
5 4
4 4
10 31
4 5
11 31
4 6
12 31
5 0
4 7
4 0
13 31
4 8
14 31
15 31
4 9
3 0
4 10
16 31
4 11
17 31
4 12
18 31
4 13
4 14
4 15
4 16
4 17
4 18
19 31
4 19
2 0
4 20
4 21
4 22
4 23
20 31
4 24
4 25
21 31
4 26
4 27
4 28
22 31
5 28
6 28
23 31
7 28
8 28
24 31
25 31
26 31
9 28
10 28
11 28
12 28
27 31
13 28
14 28
15 28
1 0
16 28
0 0
17 28
28 31
18 28
29 31
30 31
31 31
19 28
20 28
32 31
21 28
32 30
22 28
23 28
32 29
24 28
25 28
26 28
27 28
32 28
32 27
28 28
29 28
29 27
