62 63
11 101
63 63
63 62
62 62
61 62
61 63
11 102
61 64
62 64
63 64
64 64
64 63
64 62
64 61
63 61
11 103
62 61
61 61
60 61
60 62
60 63
60 64
60 65
61 65
62 65
63 65
11 104
64 65
125 8
11 105
65 65
65 64
65 63
65 62
11 106
11 107
65 61
65 60
11 108
64 60
63 60
62 60
61 60
60 60
1 111
59 60
11 109
11 110
1 112
11 111
11 112
59 61
59 62
59 63
11 113
59 64
1 113
59 65
59 66
11 114
60 66
12 114
13 114
14 114
61 66
62 66
63 66
15 114
64 66
16 114
17 114
65 66
66 66
66 65
1 114
66 64
66 63
66 62
18 114
66 61
19 114
20 114
21 114
66 60
66 59
1 115
65 59
64 59
63 59
22 114
62 59
61 59
23 114
60 59
24 114
59 59
58 59
58 60
58 61
58 62
58 63
58 64
58 65
58 66
25 114
58 67
26 114
27 114
59 67
60 67
61 67
62 67
63 67
64 67
65 67
66 67
67 67
67 66
1 116
67 65
67 64
67 63
67 62
28 114
67 61
67 60
67 59
67 58
66 58
65 58
64 58
63 58
62 58
29 114
61 58
60 58
125 7
59 58
58 58
57 58
57 59
57 60
57 61
57 62
57 63
57 64
30 114
31 114
57 65
57 66
57 67
57 68
58 68
59 68
60 68
32 114
61 68
62 68
63 68
64 68
65 68
66 68
125 6
67 68
68 68
33 114
34 114
35 114
68 67
68 66
68 65
68 64
36 114
37 114
68 63
68 62
38 114
68 61
39 114
68 60
68 59
68 58
68 57
40 114
67 57
41 114
66 57
65 57
64 57
63 57
42 114
43 114
62 57
61 57
60 57
59 57
58 57
57 57
44 114
56 57
45 114
56 58
56 59
56 60
56 61
56 62
56 63
56 64
46 114
47 114
56 65
56 66
48 114
56 67
56 68
56 69
49 114
1 117
57 69
50 114
58 69
51 114
59 69
60 69
52 114
61 69
62 69
63 69
64 69
65 69
66 69
67 69
53 114
68 69
54 114
69 69
55 114
69 68
56 114
69 67
69 66
69 65
57 114
69 64
69 63
58 114
59 114
1 118
60 114
61 114
69 62
62 114
63 114
69 61
69 60
64 114
69 59
1 119
69 58
69 57
65 114
69 56
68 56
67 56
66 114
66 56
65 56
64 56
67 114
63 56
62 56
68 114
69 114
61 56
60 56
70 114
59 56
71 114
58 56
57 56
72 114
56 56
55 56
55 57
55 58
55 59
55 60
55 61
55 62
55 63
55 64
1 120
55 65
55 66
55 67
55 68
73 114
55 69
55 70
56 70
57 70
58 70
59 70
60 70
61 70
62 70
63 70
74 114
64 70
65 70
66 70
67 70
68 70
69 70
70 70
75 114
1 121
70 69
76 114
77 114
70 68
1 122
1 123
70 67
78 114
70 66
79 114
80 114
70 65
81 114
70 64
70 63
82 114
70 62
70 61
125 5
1 124
70 60
70 59
70 58
70 57
70 56
2 124
83 114
70 55
84 114
69 55
85 114
68 55
86 114
67 55
66 55
87 114
65 55
64 55
63 55
62 55
61 55
88 114
89 114
3 124
60 55
59 55
90 114
91 114
58 55
57 55
92 114
56 55
93 114
94 114
4 124
55 55
54 55
95 114
54 56
96 114
54 57
97 114
98 114
99 114
54 58
54 59
54 60
54 61
54 62
54 63
54 64
54 65
5 124
100 114
54 66
101 114
54 67
54 68
102 114
54 69
54 70
54 71
103 114
55 71
104 114
56 71
57 71
58 71
59 71
60 71
61 71
62 71
63 71
105 114
64 71
65 71
66 71
67 71
68 71
69 71
106 114
107 114
108 114
70 71
71 71
6 124
71 70
71 69
109 114
71 68
110 114
71 67
71 66
71 65
111 114
112 114
71 64
71 63
71 62
71 61
113 114
71 60
71 59
114 114
71 58
71 57
114 113
114 112
71 56
114 111
71 55
71 54
70 54
114 110
114 109
7 124
69 54
68 54
67 54
114 108
66 54
65 54
64 54
63 54
62 54
61 54
60 54
59 54
114 107
114 106
58 54
57 54
56 54
55 54
54 54
53 54
53 55
53 56
8 124
114 105
53 57
53 58
53 59
53 60
53 61
53 62
114 104
53 63
114 103
114 102
114 101
53 64
53 65
53 66
114 100
53 67
114 99
9 124
53 68
53 69
53 70
53 71
114 98
114 97
10 124
53 72
114 96
54 72
55 72
56 72
57 72
58 72
59 72
114 95
60 72
11 124
61 72
62 72
63 72
12 124
114 94
64 72
65 72
66 72
114 93
67 72
68 72
125 4
69 72
70 72
71 72
114 92
114 91
72 72
114 90
114 89
72 71
72 70
72 69
114 88
72 68
72 67
13 124
114 87
72 66
72 65
114 86
72 64
114 85
72 63
72 62
72 61
72 60
72 59
72 58
72 57
114 84
72 56
114 83
72 55
72 54
114 82
72 53
71 53
114 81
114 80
70 53
69 53
68 53
14 124
114 79
67 53
114 78
66 53
65 53
64 53
63 53
15 124
114 77
62 53
61 53
60 53
59 53
58 53
114 76
114 75
57 53
56 53
114 74
55 53
114 73
54 53
53 53
52 53
52 54
114 72
52 55
114 71
16 124
52 56
52 57
52 58
52 59
52 60
17 124
52 61
114 70
52 62
114 69
52 63
114 68
52 64
52 65
52 66
52 67
52 68
52 69
114 67
114 66
52 70
114 65
52 71
52 72
114 64
114 63
52 73
53 73
54 73
55 73
56 73
57 73
58 73
59 73
60 73
61 73
62 73
114 62
63 73
114 61
18 124
64 73
114 60
65 73
66 73
114 59
67 73
68 73
69 73
114 58
70 73
114 57
71 73
114 56
114 55
72 73
125 3
73 73
73 72
73 71
19 124
20 124
73 70
114 54
73 69
73 68
73 67
73 66
73 65
114 53
73 64
73 63
73 62
73 61
73 60
73 59
114 52
21 124
114 51
73 58
73 57
73 56
73 55
73 54
114 50
114 49
73 53
73 52
72 52
71 52
70 52
69 52
114 48
68 52
67 52
66 52
114 47
65 52
64 52
63 52
62 52
114 46
61 52
114 45
22 124
114 44
60 52
59 52
58 52
57 52
56 52
55 52
54 52
53 52
23 124
52 52
51 52
114 43
114 42
51 53
114 41
51 54
24 124
51 55
114 40
114 39
25 124
51 56
51 57
114 38
114 37
51 58
51 59
51 60
114 36
51 61
51 62
51 63
114 35
51 64
51 65
51 66
51 67
51 68
51 69
114 34
26 124
69 0
51 70
27 124
114 33
114 32
51 71
28 124
51 72
51 73
51 74
29 124
52 74
53 74
54 74
55 74
56 74
57 74
58 74
59 74
114 31
60 74
61 74
62 74
63 74
30 124
64 74
65 74
114 30
114 29
66 74
31 124
67 74
114 28
114 27
114 26
114 25
68 74
69 74
114 24
114 23
114 22
114 21
70 74
114 20
32 124
71 74
72 74
73 74
74 74
74 73
114 19
74 72
74 71
114 18
74 70
74 69
74 68
114 17
74 67
74 66
114 16
74 65
74 64
74 63
33 124
114 15
74 62
74 61
114 14
114 13
114 12
74 60
74 59
74 58
74 57
74 56
74 55
74 54
74 53
34 124
74 52
114 11
74 51
73 51
113 11
72 51
71 51
70 51
69 51
68 51
67 51
66 51
65 51
112 11
111 11
110 11
64 51
63 51
62 51
109 11
35 124
108 11
61 51
60 51
59 51
58 51
57 51
56 51
55 51
54 51
53 51
52 51
51 51
50 51
50 52
50 53
50 54
50 55
107 11
106 11
50 56
105 11
104 11
50 57
103 11
50 58
50 59
102 11
50 60
101 11
50 61
50 62
100 11
50 63
50 64
99 11
50 65
98 11
50 66
50 67
97 11
50 68
96 11
95 11
50 69
94 11
93 11
50 70
92 11
36 124
37 124
38 124
91 11
50 71
50 72
90 11
89 11
50 73
50 74
50 75
51 75
52 75
53 75
39 124
54 75
88 11
87 11
55 75
56 75
57 75
58 75
59 75
60 75
86 11
61 75
85 11
62 75
63 75
64 75
65 75
66 75
67 75
68 75
84 11
69 75
83 11
82 11
70 75
71 75
81 11
72 75
73 75
74 75
75 75
80 11
75 74
79 11
75 73
75 72
75 71
75 70
75 69
75 68
75 67
75 66
40 124
75 65
75 64
78 11
77 11
76 11
75 63
75 62
75 61
75 60
75 59
75 58
75 57
75 56
75 55
75 54
75 53
75 52
75 51
75 50
75 11
74 50
73 50
72 50
74 11
71 50
73 11
72 11
70 50
71 11
69 50
68 50
125 2
67 50
66 50
70 11
65 50
64 50
63 50
69 11
68 11
62 50
61 50
67 11
60 50
59 50
66 11
58 50
65 11
57 50
64 11
56 50
63 11
41 124
55 50
54 50
53 50
62 11
52 50
51 50
50 50
61 11
42 124
49 50
43 124
60 11
49 51
59 11
49 52
58 11
49 53
49 54
49 55
49 56
57 11
49 57
56 11
49 58
49 59
49 60
49 61
55 11
49 62
49 63
49 64
49 65
49 66
54 11
49 67
53 11
49 68
49 69
52 11
51 11
50 11
49 70
49 11
48 11
47 11
46 11
49 71
49 72
45 11
49 73
49 74
44 11
49 75
49 76
50 76
43 11
51 76
42 11
41 11
44 124
52 76
53 76
54 76
55 76
45 124
56 76
57 76
58 76
59 76
46 124
60 76
61 76
62 76
63 76
64 76
65 76
66 76
67 76
68 76
69 76
70 76
71 76
47 124
125 1
72 76
73 76
74 76
75 76
76 76
48 124
76 75
76 74
40 11
76 73
76 72
76 71
39 11
38 11
37 11
36 11
76 70
35 11
34 11
76 69
76 68
76 67
33 11
32 11
76 66
31 11
30 11
76 65
76 64
29 11
76 63
49 124
76 62
76 61
76 60
50 124
28 11
27 11
76 59
76 58
76 57
26 11
76 56
76 55
25 11
76 54
76 53
76 52
76 51
24 11
23 11
76 50
22 11
76 49
21 11
75 49
20 11
74 49
73 49
72 49
71 49
70 49
69 49
68 49
67 49
19 11
66 49
65 49
64 49
18 11
63 49
17 11
16 11
62 49
15 11
61 49
14 11
60 49
59 49
58 49
57 49
51 124
56 49
55 49
13 11
54 49
53 49
52 49
51 49
12 11
11 11
50 49
49 49
48 49
10 11
48 50
48 51
10 12
48 52
48 53
10 13
52 124
48 54
10 14
53 124
10 15
54 124
55 124
10 16
10 17
48 55
48 56
10 18
48 57
48 58
48 59
10 19
10 20
10 21
48 60
10 22
48 61
48 62
48 63
48 64
48 65
48 66
48 67
10 23
10 24
48 68
56 124
48 69
48 70
48 71
10 25
48 72
10 26
48 73
10 27
48 74
10 28
48 75
57 124
48 76
48 77
49 77
10 29
50 77
51 77
10 30
52 77
53 77
54 77
55 77
10 31
56 77
10 32
57 77
58 77
10 33
59 77
60 77
61 77
58 124
62 77
63 77
64 77
65 77
10 34
66 77
67 77
59 124
68 77
69 77
70 77
71 77
10 35
72 77
73 77
74 77
10 36
125 0
10 37
10 38
10 39
75 77
76 77
77 77
77 76
77 75
10 40
77 74
77 73
77 72
10 41
10 42
77 71
10 43
77 70
77 69
77 68
60 124
77 67
77 66
77 65
61 124
77 64
77 63
77 62
77 61
10 44
77 60
77 59
10 45
10 46
77 58
77 57
10 47
77 56
10 48
77 55
77 54
77 53
77 52
77 51
77 50
10 49
77 49
77 48
76 48
10 50
75 48
74 48
73 48
10 51
10 52
72 48
71 48
70 48
69 48
68 48
67 48
10 53
10 54
66 48
65 48
64 48
63 48
62 48
61 48
60 48
59 48
62 124
58 48
63 124
57 48
56 48
10 55
55 48
54 48
53 48
52 48
51 48
50 48
49 48
48 48
47 48
10 56
47 49
47 50
64 124
47 51
47 52
47 53
47 54
47 55
47 56
47 57
47 58
47 59
47 60
47 61
47 62
10 57
47 63
65 124
10 58
47 64
47 65
47 66
47 67
66 124
47 68
47 69
47 70
10 59
47 71
67 124
10 60
10 61
47 72
10 62
10 63
47 73
47 74
68 124
47 75
47 76
47 77
47 78
48 78
49 78
10 64
10 65
50 78
51 78
10 66
52 78
10 67
10 68
10 69
53 78
69 124
10 70
54 78
10 71
10 72
55 78
56 78
57 78
58 78
10 73
59 78
60 78
10 74
10 75
61 78
62 78
63 78
64 78
65 78
66 78
67 78
10 76
68 78
69 78
10 77
10 78
10 79
70 78
71 78
72 78
10 80
73 78
74 78
75 78
76 78
77 78
78 78
78 77
10 81
78 76
10 82
78 75
10 83
78 74
78 73
78 72
78 71
10 84
78 70
10 85
78 69
10 86
78 68
78 67
10 87
78 66
78 65
78 64
78 63
78 62
10 88
78 61
78 60
10 89
78 59
78 58
78 57
10 90
10 91
78 56
78 55
78 54
78 53
10 92
78 52
78 51
78 50
10 93
78 49
10 94
10 95
78 48
78 47
77 47
10 96
10 97
76 47
10 98
75 47
74 47
73 47
72 47
71 47
70 47
10 99
69 47
68 47
10 100
67 47
66 47
10 101
10 102
10 103
70 124
65 47
64 47
63 47
62 47
61 47
60 47
71 124
59 47
58 47
57 47
56 47
55 47
54 47
53 47
52 47
51 47
10 104
50 47
49 47
48 47
47 47
46 47
46 48
46 49
46 50
10 105
46 51
46 52
46 53
10 106
10 107
46 54
46 55
46 56
46 57
46 58
46 59
46 60
46 61
72 124
46 62
46 63
73 124
46 64
46 65
46 66
10 108
46 67
74 124
75 124
46 68
10 109
10 110
10 111
10 112
46 69
46 70
46 71
46 72
46 73
46 74
46 75
46 76
46 77
46 78
10 113
76 124
46 79
47 79
48 79
10 114
49 79
50 79
51 79
52 79
10 115
53 79
54 79
77 124
55 79
56 79
57 79
11 115
12 115
13 115
58 79
59 79
78 124
14 115
60 79
15 115
61 79
16 115
17 115
62 79
63 79
18 115
19 115
64 79
20 115
65 79
21 115
66 79
67 79
79 124
68 79
69 79
70 79
71 79
72 79
73 79
74 79
75 79
22 115
76 79
77 79
78 79
79 79
79 78
79 77
79 76
23 115
79 75
80 124
79 74
79 73
79 72
79 71
79 70
24 115
79 69
25 115
26 115
79 68
79 67
79 66
81 124
79 65
27 115
79 64
79 63
79 62
79 61
79 60
79 59
28 115
79 58
79 57
79 56
79 55
79 54
29 115
79 53
79 52
79 51
79 50
79 49
79 48
79 47
79 46
78 46
77 46
30 115
76 46
75 46
74 46
31 115
73 46
72 46
71 46
70 46
69 46
68 46
67 46
32 115
66 46
65 46
64 46
63 46
62 46
61 46
60 46
59 46
58 46
57 46
82 124
56 46
55 46
54 46
83 124
53 46
33 115
52 46
51 46
50 46
49 46
34 115
35 115
48 46
47 46
84 124
46 46
36 115
45 46
37 115
45 47
45 48
45 49
45 50
38 115
45 51
45 52
39 115
40 115
45 53
45 54
45 55
41 115
45 56
42 115
45 57
45 58
45 59
45 60
45 61
45 62
43 115
45 63
44 115
45 115
45 64
45 65
45 66
46 115
47 115
45 67
48 115
49 115
45 68
45 69
85 124
45 70
45 71
86 124
45 72
50 115
45 73
45 74
45 75
51 115
45 76
45 77
45 78
45 79
45 80
46 80
52 115
47 80
48 80
49 80
50 80
53 115
51 80
54 115
52 80
53 80
55 115
56 115
57 115
58 115
59 115
60 115
54 80
55 80
56 80
57 80
58 80
59 80
60 80
61 80
62 80
61 115
63 80
64 80
65 80
66 80
67 80
62 115
68 80
63 115
64 115
65 115
69 80
70 80
66 115
71 80
72 80
73 80
74 80
75 80
76 80
77 80
78 80
79 80
80 80
80 79
80 78
67 115
68 115
69 115
70 115
80 77
80 76
71 115
80 75
87 124
80 74
72 115
80 73
80 72
80 71
73 115
80 70
88 124
80 69
80 68
80 67
80 66
80 65
74 115
80 64
80 63
80 62
80 61
80 60
80 59
80 58
80 57
80 56
80 55
80 54
80 53
80 52
80 51
75 115
80 50
80 49
80 48
80 47
80 46
80 45
79 45
78 45
89 124
76 115
77 45
77 115
76 45
78 115
75 45
74 45
90 124
79 115
80 115
81 115
82 115
73 45
72 45
83 115
71 45
70 45
69 45
68 45
84 115
67 45
66 45
65 45
85 115
86 115
87 115
64 45
88 115
63 45
62 45
61 45
60 45
89 115
59 45
90 115
58 45
91 115
57 45
56 45
55 45
54 45
53 45
92 115
52 45
51 45
93 115
50 45
49 45
48 45
47 45
46 45
45 45
94 115
44 45
95 115
44 46
96 115
44 47
44 48
97 115
98 115
44 49
44 50
91 124
44 51
44 52
44 53
44 54
99 115
44 55
44 56
44 57
92 124
100 115
101 115
93 124
44 58
44 59
44 60
44 61
44 62
94 124
102 115
44 63
44 64
44 65
103 115
44 66
104 115
105 115
44 67
95 124
44 68
44 69
44 70
106 115
44 71
44 72
44 73
44 74
44 75
44 76
44 77
44 78
107 115
96 124
44 79
44 80
44 81
97 124
45 81
46 81
47 81
48 81
108 115
49 81
109 115
50 81
110 115
111 115
51 81
52 81
112 115
53 81
54 81
113 115
55 81
98 124
114 115
56 81
115 115
57 81
58 81
115 114
115 113
59 81
99 124
60 81
115 112
115 111
115 110
61 81
62 81
63 81
64 81
115 109
65 81
115 108
66 81
67 81
68 81
69 81
100 124
115 107
70 81
71 81
72 81
115 106
115 105
73 81
115 104
124 0
115 103
74 81
75 81
115 102
115 101
76 81
77 81
78 81
115 100
79 81
80 81
81 81
115 99
81 80
81 79
81 78
81 77
101 124
115 98
81 76
81 75
81 74
102 124
81 73
115 97
81 72
81 71
115 96
115 95
81 70
103 124
115 94
81 69
81 68
81 67
115 93
81 66
115 92
115 91
81 65
81 64
81 63
81 62
115 90
81 61
81 60
115 89
81 59
81 58
115 88
115 87
81 57
104 124
115 86
81 56
115 85
81 55
115 84
115 83
105 124
81 54
115 82
81 53
115 81
81 52
81 51
81 50
81 49
81 48
81 47
81 46
115 80
81 45
115 79
115 78
115 77
81 44
80 44
115 76
123 0
79 44
115 75
78 44
77 44
76 44
115 74
115 73
75 44
115 72
115 71
74 44
115 70
73 44
72 44
115 69
71 44
70 44
115 68
115 67
69 44
115 66
68 44
67 44
66 44
65 44
64 44
63 44
106 124
62 44
115 65
115 64
115 63
61 44
60 44
59 44
115 62
58 44
57 44
107 124
115 61
122 0
56 44
55 44
54 44
53 44
52 44
51 44
115 60
50 44
49 44
48 44
47 44
46 44
45 44
115 59
44 44
115 58
115 57
115 56
115 55
115 54
43 44
108 124
115 53
43 45
115 52
43 46
43 47
115 51
115 50
43 48
115 49
115 48
109 124
43 49
43 50
115 47
115 46
43 51
43 52
43 53
43 54
43 55
43 56
115 45
43 57
43 58
43 59
43 60
115 44
115 43
43 61
43 62
115 42
43 63
115 41
43 64
43 65
115 40
115 39
43 66
43 67
43 68
43 69
43 70
43 71
43 72
43 73
43 74
115 38
43 75
43 76
43 77
115 37
110 124
43 78
115 36
115 35
115 34
43 79
43 80
43 81
43 82
44 82
115 33
115 32
111 124
115 31
45 82
112 124
46 82
47 82
48 82
115 30
115 29
49 82
50 82
51 82
52 82
115 28
53 82
115 27
54 82
55 82
56 82
113 124
57 82
58 82
59 82
114 124
60 82
115 26
61 82
62 82
63 82
64 82
115 25
115 24
115 23
65 82
66 82
67 82
68 82
69 82
70 82
115 22
71 82
115 21
115 124
72 82
115 20
115 19
73 82
74 82
115 18
75 82
76 82
116 124
77 82
78 82
115 17
115 16
79 82
115 15
80 82
115 14
81 82
82 82
82 81
82 80
82 79
82 78
82 77
82 76
82 75
115 13
115 12
82 74
117 124
115 11
115 10
118 124
82 73
114 10
113 10
121 0
112 10
111 10
110 10
109 10
82 72
108 10
82 71
107 10
106 10
105 10
119 124
82 70
82 69
82 68
82 67
82 66
120 124
82 65
104 10
82 64
103 10
82 63
82 62
82 61
102 10
82 60
82 59
101 10
100 10
121 124
122 124
82 58
82 57
82 56
82 55
99 10
82 54
82 53
82 52
82 51
82 50
82 49
82 48
82 47
98 10
123 124
82 46
97 10
124 124
124 123
82 45
82 44
82 43
81 43
80 43
79 43
96 10
124 122
124 121
78 43
77 43
76 43
75 43
74 43
73 43
72 43
71 43
95 10
70 43
94 10
69 43
68 43
67 43
66 43
93 10
65 43
92 10
64 43
63 43
62 43
61 43
60 43
91 10
90 10
89 10
124 120
59 43
58 43
88 10
57 43
56 43
55 43
54 43
53 43
52 43
124 119
51 43
50 43
49 43
48 43
47 43
46 43
45 43
44 43
43 43
42 43
124 118
42 44
42 45
42 46
42 47
87 10
42 48
86 10
42 49
42 50
124 117
42 51
42 52
42 53
42 54
85 10
84 10
42 55
83 10
42 56
82 10
42 57
42 58
81 10
80 10
79 10
42 59
124 116
78 10
42 60
42 61
42 62
42 63
42 64
42 65
77 10
42 66
42 67
42 68
42 69
42 70
42 71
42 72
42 73
42 74
42 75
42 76
42 77
76 10
75 10
42 78
74 10
124 115
42 79
42 80
42 81
73 10
42 82
42 83
124 114
72 10
43 83
71 10
44 83
45 83
46 83
47 83
48 83
49 83
50 83
70 10
51 83
124 113
52 83
69 10
53 83
68 10
54 83
55 83
67 10
56 83
57 83
66 10
58 83
59 83
60 83
61 83
62 83
63 83
64 83
65 83
66 83
65 10
67 83
64 10
68 83
69 83
70 83
124 112
71 83
72 83
63 10
62 10
61 10
73 83
74 83
75 83
76 83
60 10
77 83
78 83
79 83
59 10
58 10
80 83
81 83
57 10
82 83
83 83
56 10
55 10
83 82
83 81
54 10
83 80
83 79
83 78
53 10
83 77
52 10
83 76
83 75
83 74
83 73
51 10
83 72
83 71
83 70
124 111
50 10
83 69
49 10
48 10
83 68
83 67
83 66
83 65
83 64
83 63
124 110
47 10
83 62
83 61
46 10
45 10
83 60
44 10
83 59
83 58
83 57
83 56
83 55
83 54
83 53
124 109
43 10
83 52
83 51
42 10
83 50
83 49
83 48
83 47
124 108
41 10
83 46
40 10
39 10
38 10
124 107
83 45
83 44
83 43
83 42
82 42
37 10
36 10
81 42
35 10
34 10
80 42
79 42
78 42
77 42
33 10
76 42
32 10
31 10
30 10
75 42
74 42
29 10
124 106
73 42
28 10
27 10
72 42
26 10
71 42
70 42
69 42
124 105
68 42
25 10
67 42
66 42
65 42
24 10
64 42
124 104
23 10
63 42
22 10
21 10
62 42
61 42
60 42
20 10
59 42
124 103
58 42
57 42
19 10
56 42
55 42
54 42
53 42
52 42
18 10
51 42
50 42
17 10
16 10
49 42
48 42
47 42
46 42
45 42
44 42
43 42
42 42
41 42
41 43
15 10
41 44
124 102
124 101
14 10
41 45
13 10
41 46
41 47
41 48
124 100
41 49
41 50
41 51
41 52
41 53
41 54
124 99
41 55
41 56
41 57
12 10
11 10
41 58
41 59
41 60
124 98
41 61
41 62
10 10
41 63
41 64
41 65
41 66
41 67
41 68
41 69
9 10
9 11
41 70
41 71
41 72
9 12
41 73
9 13
41 74
41 75
41 76
41 77
9 14
41 78
41 79
41 80
9 15
41 81
41 82
41 83
41 84
9 16
42 84
43 84
44 84
9 17
45 84
124 97
9 18
9 19
46 84
47 84
9 20
48 84
49 84
50 84
51 84
52 84
53 84
124 96
9 21
9 22
9 23
54 84
55 84
56 84
124 95
57 84
9 24
58 84
124 94
59 84
124 93
60 84
61 84
62 84
9 25
9 26
9 27
63 84
9 28
9 29
64 84
65 84
66 84
67 84
68 84
9 30
69 84
70 84
71 84
72 84
9 31
73 84
9 32
9 33
74 84
75 84
76 84
9 34
9 35
9 36
77 84
78 84
79 84
9 37
80 84
81 84
82 84
83 84
9 38
84 84
84 83
84 82
84 81
9 39
84 80
9 40
9 41
84 79
84 78
84 77
124 92
84 76
9 42
9 43
84 75
84 74
84 73
9 44
84 72
84 71
9 45
84 70
84 69
9 46
9 47
9 48
9 49
84 68
9 50
9 51
9 52
84 67
9 53
9 54
84 66
84 65
9 55
84 64
9 56
84 63
124 91
84 62
84 61
84 60
84 59
84 58
84 57
84 56
84 55
84 54
9 57
84 53
84 52
84 51
84 50
84 49
84 48
84 47
84 46
84 45
84 44
9 58
9 59
84 43
84 42
84 41
124 90
9 60
9 61
9 62
83 41
82 41
81 41
80 41
79 41
78 41
77 41
9 63
76 41
9 64
124 89
75 41
9 65
74 41
73 41
9 66
72 41
71 41
70 41
69 41
68 41
67 41
66 41
9 67
65 41
64 41
63 41
9 68
124 88
9 69
9 70
62 41
61 41
60 41
59 41
58 41
57 41
9 71
56 41
55 41
9 72
54 41
53 41
52 41
51 41
50 41
49 41
48 41
9 73
47 41
46 41
45 41
124 87
44 41
43 41
124 86
9 74
42 41
9 75
9 76
9 77
41 41
40 41
40 42
9 78
40 43
124 85
9 79
40 44
9 80
40 45
9 81
9 82
40 46
9 83
40 47
9 84
40 48
40 49
9 85
9 86
40 50
9 87
9 88
40 51
9 89
40 52
9 90
124 84
40 53
40 54
40 55
9 91
40 56
40 57
40 58
40 59
9 92
9 93
9 94
124 83
9 95
40 60
40 61
40 62
9 96
40 63
9 97
124 82
9 98
120 0
40 64
40 65
9 99
40 66
40 67
40 68
9 100
40 69
40 70
9 101
40 71
40 72
40 73
9 102
40 74
9 103
40 75
9 104
40 76
9 105
9 106
40 77
40 78
9 107
40 79
40 80
40 81
40 82
9 108
40 83
40 84
40 85
41 85
42 85
43 85
44 85
9 109
9 110
45 85
9 111
46 85
47 85
48 85
9 112
49 85
50 85
9 113
51 85
52 85
9 114
53 85
54 85
55 85
9 115
9 116
10 116
56 85
57 85
58 85
59 85
11 116
60 85
61 85
62 85
124 81
12 116
63 85
64 85
65 85
13 116
66 85
124 80
67 85
14 116
68 85
69 85
70 85
71 85
72 85
15 116
16 116
73 85
17 116
18 116
74 85
75 85
19 116
76 85
77 85
124 79
78 85
20 116
21 116
79 85
22 116
80 85
81 85
82 85
83 85
84 85
85 85
85 84
85 83
23 116
24 116
85 82
85 81
25 116
85 80
85 79
85 78
85 77
124 78
85 76
85 75
85 74
85 73
26 116
85 72
27 116
85 71
85 70
85 69
28 116
29 116
85 68
30 116
85 67
85 66
31 116
85 65
85 64
85 63
85 62
85 61
124 77
32 116
33 116
85 60
85 59
34 116
85 58
85 57
85 56
85 55
85 54
124 76
35 116
85 53
36 116
85 52
85 51
85 50
85 49
85 48
37 116
85 47
85 46
38 116
85 45
85 44
85 43
85 42
124 75
85 41
39 116
40 116
41 116
85 40
42 116
84 40
83 40
82 40
43 116
44 116
81 40
80 40
45 116
79 40
46 116
47 116
48 116
78 40
77 40
76 40
75 40
74 40
49 116
50 116
73 40
72 40
71 40
51 116
70 40
69 40
68 40
52 116
67 40
66 40
65 40
124 74
64 40
63 40
62 40
61 40
60 40
59 40
124 73
53 116
58 40
57 40
54 116
56 40
55 40
54 40
53 40
55 116
56 116
52 40
57 116
51 40
50 40
49 40
48 40
58 116
59 116
47 40
60 116
46 40
61 116
45 40
44 40
43 40
42 40
41 40
40 40
39 40
39 41
62 116
39 42
39 43
39 44
39 45
39 46
39 47
124 72
39 48
39 49
39 50
39 51
63 116
39 52
39 53
39 54
39 55
39 56
64 116
39 57
39 58
65 116
39 59
66 116
67 116
119 0
39 60
39 61
39 62
68 116
39 63
39 64
39 65
39 66
69 116
39 67
39 68
70 116
71 116
39 69
39 70
39 71
39 72
39 73
39 74
72 116
73 116
39 75
74 116
39 76
75 116
39 77
76 116
39 78
39 79
39 80
39 81
77 116
124 71
39 82
78 116
79 116
39 83
39 84
39 85
80 116
39 86
40 86
81 116
41 86
42 86
82 116
43 86
44 86
45 86
83 116
84 116
46 86
85 116
124 70
47 86
124 69
48 86
86 116
49 86
50 86
124 68
51 86
52 86
87 116
88 116
53 86
54 86
55 86
56 86
89 116
57 86
58 86
59 86
60 86
90 116
61 86
91 116
92 116
93 116
94 116
95 116
62 86
63 86
96 116
64 86
65 86
66 86
67 86
68 86
69 86
97 116
98 116
99 116
70 86
71 86
72 86
100 116
73 86
124 67
101 116
74 86
75 86
76 86
77 86
102 116
103 116
78 86
79 86
104 116
80 86
81 86
82 86
83 86
105 116
106 116
124 66
107 116
84 86
108 116
85 86
86 86
86 85
86 84
86 83
86 82
109 116
110 116
86 81
86 80
86 79
111 116
112 116
86 78
124 65
113 116
86 77
114 116
115 116
118 0
86 76
86 75
86 74
116 116
86 73
86 72
86 71
116 115
86 70
116 114
86 69
116 113
86 68
116 112
86 67
86 66
86 65
86 64
116 111
86 63
116 110
116 109
86 62
86 61
86 60
86 59
116 108
86 58
86 57
116 107
86 56
86 55
86 54
86 53
116 106
116 105
86 52
116 104
116 103
116 102
116 101
116 100
86 51
124 64
86 50
116 99
86 49
116 98
86 48
117 0
86 47
116 97
116 96
124 63
86 46
116 95
116 0
116 94
116 93
116 92
86 45
116 91
116 90
86 44
116 89
86 43
116 88
86 42
116 87
86 41
86 40
86 39
124 62
116 86
116 85
85 39
84 39
124 61
124 60
83 39
116 84
82 39
116 83
116 82
81 39
80 39
79 39
78 39
77 39
116 81
76 39
116 80
75 39
74 39
116 79
116 78
73 39
72 39
71 39
70 39
69 39
116 77
68 39
67 39
66 39
116 76
124 59
65 39
116 75
64 39
63 39
62 39
61 39
116 74
60 39
59 39
58 39
57 39
56 39
55 39
54 39
116 73
53 39
52 39
51 39
50 39
49 39
48 39
47 39
46 39
45 39
116 72
116 71
116 70
44 39
116 69
116 68
124 58
43 39
42 39
41 39
40 39
39 39
38 39
38 40
38 41
116 67
38 42
38 43
116 66
38 44
38 45
38 46
38 47
38 48
38 49
116 65
38 50
38 51
116 64
38 52
116 63
38 53
116 62
116 61
38 54
38 55
116 60
38 56
38 57
38 58
38 59
38 60
38 61
38 62
38 63
124 57
38 64
116 59
116 58
116 57
38 65
38 66
38 67
38 68
38 69
38 70
38 71
38 72
38 73
38 74
116 56
116 55
116 54
38 75
38 76
38 77
38 78
38 79
38 80
116 53
38 81
38 82
38 83
116 52
38 84
116 51
38 85
38 86
116 50
38 87
116 49
39 87
116 48
40 87
41 87
116 47
42 87
43 87
44 87
45 87
116 46
116 45
116 44
46 87
47 87
48 87
49 87
116 43
50 87
51 87
116 42
116 41
52 87
53 87
116 40
54 87
116 39
116 38
116 37
55 87
56 87
57 87
58 87
59 87
60 87
116 36
116 35
61 87
62 87
63 87
64 87
116 34
65 87
66 87
67 87
68 87
69 87
124 56
70 87
71 87
124 55
72 87
73 87
74 87
75 87
116 33
76 87
77 87
78 87
79 87
80 87
81 87
124 54
116 32
82 87
83 87
84 87
85 87
116 31
86 87
87 87
87 86
87 85
87 84
87 83
116 30
87 82
87 81
87 80
116 29
116 28
87 79
87 78
124 53
87 77
87 76
116 27
87 75
87 74
116 26
87 73
116 25
116 24
87 72
116 23
87 71
116 22
87 70
87 69
87 68
116 21
124 52
87 67
87 66
87 65
87 64
116 20
87 63
87 62
87 61
87 60
87 59
116 19
87 58
87 57
116 18
87 56
87 55
116 17
116 16
116 15
87 54
87 53
87 52
87 51
87 50
87 49
116 14
87 48
116 13
87 47
116 12
116 11
116 10
87 46
87 45
87 44
87 43
87 42
87 41
87 40
87 39
116 9
115 9
87 38
86 38
85 38
84 38
83 38
82 38
81 38
80 38
79 38
114 9
78 38
77 38
76 38
113 9
112 9
111 9
75 38
74 38
73 38
72 38
71 38
110 9
70 38
69 38
68 38
67 38
66 38
109 9
108 9
107 9
106 9
65 38
124 51
64 38
63 38
62 38
61 38
60 38
59 38
105 9
58 38
57 38
56 38
104 9
55 38
103 9
102 9
101 9
54 38
53 38
52 38
51 38
50 38
49 38
48 38
100 9
47 38
46 38
99 9
45 38
44 38
98 9
97 9
96 9
95 9
94 9
43 38
42 38
41 38
40 38
39 38
38 38
37 38
93 9
124 50
92 9
37 39
37 40
37 41
91 9
90 9
89 9
37 42
37 43
88 9
87 9
86 9
37 44
37 45
37 46
85 9
37 47
84 9
37 48
83 9
37 49
37 50
37 51
37 52
37 53
124 49
37 54
82 9
37 55
81 9
80 9
37 56
79 9
78 9
37 57
77 9
37 58
37 59
37 60
76 9
37 61
37 62
37 63
37 64
75 9
37 65
37 66
74 9
37 67
37 68
73 9
37 69
37 70
37 71
72 9
37 72
71 9
70 9
69 9
37 73
37 74
37 75
68 9
37 76
37 77
37 78
37 79
37 80
124 48
37 81
37 82
37 83
37 84
37 85
37 86
37 87
37 88
38 88
67 9
39 88
40 88
41 88
124 47
42 88
66 9
43 88
65 9
44 88
45 88
64 9
63 9
46 88
47 88
48 88
62 9
49 88
50 88
51 88
61 9
60 9
59 9
52 88
58 9
53 88
54 88
55 88
56 88
57 88
58 88
59 88
60 88
61 88
62 88
63 88
124 46
64 88
65 88
57 9
56 9
55 9
66 88
54 9
53 9
67 88
68 88
69 88
70 88
71 88
52 9
51 9
72 88
50 9
49 9
73 88
48 9
74 88
75 88
76 88
77 88
47 9
46 9
78 88
45 9
79 88
80 88
81 88
82 88
83 88
44 9
84 88
85 88
43 9
86 88
87 88
42 9
88 88
88 87
88 86
88 85
41 9
88 84
40 9
39 9
124 45
88 83
88 82
88 81
88 80
88 79
88 78
38 9
88 77
88 76
124 44
88 75
88 74
88 73
88 72
88 71
37 9
88 70
36 9
35 9
88 69
88 68
34 9
124 43
88 67
88 66
88 65
88 64
33 9
88 63
32 9
88 62
31 9
124 42
30 9
88 61
88 60
88 59
88 58
29 9
88 57
28 9
88 56
88 55
88 54
88 53
88 52
88 51
88 50
27 9
88 49
26 9
25 9
88 48
88 47
24 9
88 46
88 45
88 44
88 43
88 42
88 41
115 0
23 9
22 9
21 9
20 9
88 40
19 9
18 9
17 9
88 39
88 38
88 37
16 9
87 37
86 37
85 37
124 41
15 9
84 37
83 37
82 37
81 37
80 37
79 37
14 9
13 9
78 37
12 9
11 9
77 37
76 37
75 37
124 40
10 9
9 9
74 37
73 37
72 37
8 9
71 37
70 37
69 37
8 10
8 11
68 37
8 12
67 37
66 37
65 37
64 37
124 39
63 37
8 13
62 37
8 14
61 37
60 37
59 37
58 37
8 15
57 37
56 37
8 16
124 38
55 37
8 17
54 37
8 18
53 37
8 19
52 37
51 37
50 37
49 37
48 37
8 20
47 37
46 37
45 37
44 37
43 37
42 37
8 21
41 37
40 37
39 37
38 37
37 37
36 37
8 22
8 23
8 24
8 25
36 38
124 37
8 26
36 39
36 40
36 41
8 27
36 42
36 43
36 44
36 45
36 46
8 28
36 47
36 48
36 49
36 50
36 51
36 52
36 53
8 29
8 30
36 54
36 55
36 56
36 57
36 58
8 31
36 59
36 60
36 61
8 32
8 33
36 62
36 63
36 64
36 65
8 34
36 66
8 35
36 67
36 68
8 36
36 69
36 70
36 71
36 72
36 73
36 74
36 75
8 37
36 76
36 77
8 38
68 0
36 78
8 39
124 36
8 40
8 41
8 42
36 79
36 80
124 35
36 81
8 43
36 82
8 44
36 83
8 45
36 84
36 85
36 86
36 87
36 88
36 89
37 89
38 89
39 89
40 89
41 89
42 89
43 89
8 46
44 89
45 89
46 89
47 89
48 89
124 34
49 89
50 89
51 89
8 47
8 48
52 89
53 89
124 33
54 89
124 32
8 49
8 50
124 31
55 89
56 89
57 89
8 51
8 52
58 89
59 89
124 30
60 89
61 89
62 89
63 89
64 89
8 53
65 89
66 89
67 89
68 89
8 54
69 89
8 55
70 89
71 89
8 56
72 89
8 57
73 89
8 58
74 89
75 89
76 89
77 89
78 89
8 59
79 89
80 89
8 60
81 89
82 89
8 61
124 29
8 62
83 89
84 89
8 63
8 64
8 65
85 89
8 66
8 67
86 89
87 89
88 89
89 89
8 68
89 88
8 69
89 87
89 86
89 85
89 84
89 83
8 70
89 82
124 28
8 71
89 81
89 80
89 79
89 78
89 77
89 76
89 75
89 74
8 72
89 73
8 73
89 72
89 71
8 74
8 75
8 76
8 77
89 70
89 69
8 78
8 79
8 80
89 68
89 67
8 81
89 66
8 82
89 65
124 27
8 83
89 64
124 26
89 63
8 84
89 62
89 61
89 60
89 59
89 58
8 85
89 57
8 86
8 87
89 56
8 88
8 89
89 55
89 54
89 53
89 52
89 51
89 50
89 49
89 48
89 47
89 46
8 90
89 45
89 44
89 43
8 91
89 42
124 25
89 41
8 92
89 40
89 39
89 38
89 37
89 36
88 36
87 36
86 36
85 36
84 36
83 36
8 93
124 24
124 23
82 36
81 36
80 36
8 94
8 95
8 96
8 97
79 36
78 36
77 36
76 36
75 36
124 22
74 36
8 98
8 99
73 36
72 36
8 100
124 21
8 101
71 36
70 36
8 102
69 36
68 36
67 36
124 20
66 36
65 36
124 19
8 103
64 36
8 104
63 36
62 36
61 36
124 18
8 105
8 106
60 36
8 107
59 36
58 36
57 36
56 36
8 108
8 109
55 36
54 36
53 36
52 36
51 36
50 36
124 17
49 36
48 36
47 36
46 36
8 110
45 36
124 16
44 36
8 111
43 36
8 112
42 36
41 36
40 36
39 36
38 36
37 36
36 36
35 36
8 113
8 114
35 37
35 38
35 39
35 40
8 115
35 41
35 42
8 116
35 43
35 44
35 45
35 46
8 117
35 47
35 48
9 117
35 49
35 50
35 51
10 117
11 117
35 52
12 117
35 53
35 54
13 117
35 55
35 56
35 57
14 117
15 117
35 58
35 59
16 117
35 60
35 61
17 117
18 117
35 62
35 63
19 117
35 64
35 65
35 66
35 67
35 68
35 69
20 117
21 117
22 117
35 70
35 71
23 117
35 72
35 73
24 117
35 74
35 75
35 76
35 77
35 78
35 79
35 80
25 117
26 117
35 81
27 117
35 82
28 117
35 83
29 117
35 84
35 85
124 15
35 86
30 117
31 117
35 87
32 117
35 88
35 89
33 117
35 90
36 90
37 90
34 117
35 117
38 90
39 90
40 90
41 90
42 90
43 90
44 90
45 90
46 90
47 90
48 90
36 117
49 90
50 90
124 14
51 90
124 13
52 90
37 117
53 90
54 90
55 90
38 117
56 90
57 90
58 90
59 90
60 90
39 117
124 12
61 90
62 90
63 90
40 117
64 90
65 90
66 90
67 90
68 90
69 90
41 117
70 90
71 90
72 90
73 90
74 90
42 117
124 11
75 90
76 90
77 90
43 117
78 90
44 117
124 10
79 90
80 90
81 90
82 90
83 90
84 90
85 90
86 90
87 90
88 90
89 90
45 117
46 117
90 90
90 89
90 88
90 87
47 117
90 86
90 85
90 84
48 117
49 117
90 83
90 82
90 81
90 80
90 79
90 78
90 77
90 76
90 75
90 74
90 73
90 72
90 71
90 70
50 117
51 117
90 69
90 68
52 117
53 117
54 117
90 67
90 66
90 65
55 117
124 9
90 64
56 117
57 117
58 117
90 63
124 8
90 62
90 61
59 117
60 117
61 117
90 60
90 59
90 58
90 57
90 56
62 117
90 55
90 54
90 53
90 52
90 51
63 117
90 50
90 49
90 48
90 47
90 46
90 45
64 117
65 117
66 117
90 44
90 43
67 117
68 117
90 42
90 41
69 117
90 40
90 39
124 7
90 38
90 37
90 36
90 35
89 35
88 35
124 6
87 35
86 35
85 35
84 35
83 35
70 117
71 117
82 35
81 35
80 35
79 35
72 117
78 35
77 35
124 5
114 0
73 117
76 35
75 35
74 35
73 35
74 117
72 35
71 35
70 35
69 35
75 117
68 35
67 35
66 35
65 35
76 117
77 117
64 35
63 35
78 117
79 117
62 35
61 35
80 117
60 35
59 35
58 35
57 35
81 117
124 4
124 3
56 35
55 35
54 35
53 35
82 117
52 35
51 35
50 35
49 35
48 35
124 2
47 35
46 35
45 35
83 117
44 35
43 35
42 35
84 117
85 117
86 117
41 35
40 35
87 117
88 117
39 35
38 35
37 35
36 35
35 35
89 117
34 35
34 36
34 37
34 38
90 117
34 39
34 40
91 117
34 41
34 42
34 43
34 44
92 117
34 45
34 46
34 47
34 48
34 49
34 50
93 117
34 51
94 117
34 52
95 117
96 117
124 1
34 53
34 54
34 55
97 117
34 56
98 117
34 57
34 58
34 59
34 60
34 61
34 62
99 117
34 63
34 64
34 65
34 66
100 117
101 117
102 117
34 67
34 68
103 117
104 117
34 69
34 70
34 71
34 72
34 73
34 74
105 117
106 117
34 75
107 117
34 76
34 77
34 78
34 79
34 80
34 81
34 82
34 83
34 84
34 85
123 1
34 86
34 87
108 117
109 117
34 88
110 117
111 117
34 89
34 90
122 1
34 91
35 91
121 1
36 91
37 91
38 91
39 91
40 91
120 1
41 91
42 91
119 1
43 91
112 117
113 117
44 91
45 91
46 91
47 91
48 91
49 91
50 91
114 117
115 117
51 91
52 91
116 117
53 91
117 117
117 116
117 115
117 114
54 91
55 91
56 91
57 91
118 1
58 91
59 91
60 91
61 91
62 91
63 91
64 91
117 113
65 91
66 91
67 91
68 91
69 91
70 91
71 91
117 112
117 111
72 91
117 110
73 91
74 91
75 91
76 91
117 109
117 108
117 107
77 91
117 1
78 91
117 106
79 91
80 91
117 105
81 91
117 104
82 91
83 91
84 91
117 103
85 91
86 91
87 91
88 91
89 91
90 91
91 91
117 102
91 90
91 89
117 101
91 88
117 100
91 87
117 99
91 86
91 85
91 84
91 83
91 82
91 81
91 80
117 98
91 79
91 78
91 77
91 76
91 75
91 74
91 73
91 72
91 71
91 70
91 69
91 68
117 97
91 67
113 0
91 66
91 65
91 64
91 63
117 96
91 62
117 95
117 94
91 61
91 60
117 93
91 59
116 1
117 92
91 58
91 57
117 91
91 56
115 1
91 55
91 54
114 1
117 90
117 89
91 53
117 88
91 52
117 87
91 51
117 86
91 50
91 49
117 85
91 48
91 47
91 46
91 45
91 44
91 43
117 84
117 83
91 42
117 82
91 41
117 81
91 40
91 39
91 38
117 80
117 79
117 78
117 77
91 37
91 36
91 35
91 34
90 34
89 34
117 76
113 1
88 34
87 34
112 1
86 34
117 75
117 74
85 34
117 73
117 72
117 71
84 34
83 34
82 34
117 70
81 34
80 34
79 34
78 34
77 34
117 69
76 34
111 1
112 0
117 68
75 34
74 34
73 34
117 67
72 34
117 66
71 34
70 34
117 65
69 34
68 34
67 34
66 34
117 64
117 63
117 62
65 34
64 34
63 34
62 34
61 34
117 61
117 60
60 34
59 34
117 59
117 58
117 57
58 34
117 56
57 34
117 55
117 54
56 34
110 1
55 34
54 34
53 34
52 34
51 34
50 34
117 53
49 34
48 34
117 52
47 34
46 34
45 34
44 34
43 34
42 34
41 34
40 34
39 34
38 34
37 34
36 34
117 51
35 34
117 50
117 49
34 34
33 34
33 35
117 48
33 36
33 37
33 38
117 47
33 39
33 40
33 41
33 42
33 43
33 44
117 46
33 45
33 46
117 45
33 47
117 44
117 43
33 48
33 49
33 50
33 51
33 52
33 53
117 42
33 54
33 55
33 56
33 57
33 58
33 59
117 41
33 60
33 61
33 62
117 40
33 63
33 64
33 65
33 66
33 67
33 68
33 69
33 70
33 71
33 72
117 39
117 38
33 73
33 74
33 75
33 76
117 37
117 36
117 35
33 77
117 34
33 78
117 33
33 79
117 32
109 1
33 80
33 81
33 82
33 83
33 84
117 31
33 85
33 86
33 87
33 88
33 89
33 90
33 91
33 92
34 92
35 92
36 92
37 92
38 92
117 30
39 92
117 29
40 92
41 92
117 28
42 92
117 27
43 92
44 92
117 26
45 92
46 92
47 92
48 92
49 92
50 92
51 92
52 92
108 1
53 92
54 92
55 92
56 92
57 92
58 92
59 92
60 92
61 92
62 92
117 25
117 24
117 23
63 92
64 92
117 22
107 1
117 21
117 20
65 92
66 92
67 92
68 92
69 92
117 19
70 92
71 92
117 18
72 92
73 92
74 92
75 92
76 92
77 92
78 92
79 92
80 92
81 92
82 92
117 17
83 92
117 16
84 92
117 15
85 92
86 92
87 92
117 14
117 13
117 12
88 92
89 92
90 92
117 11
91 92
92 92
92 91
92 90
92 89
92 88
92 87
117 10
117 9
106 1
92 86
92 85
92 84
92 83
117 8
92 82
92 81
92 80
116 8
115 8
92 79
114 8
113 8
112 8
111 8
92 78
92 77
92 76
92 75
110 8
92 74
92 73
92 72
92 71
109 8
92 70
92 69
92 68
108 8
92 67
107 8
92 66
92 65
92 64
92 63
106 8
105 8
105 1
92 62
104 8
103 8
104 1
92 61
92 60
92 59
92 58
103 1
92 57
92 56
102 1
92 55
92 54
92 53
92 52
92 51
92 50
92 49
92 48
92 47
92 46
92 45
101 1
92 44
92 43
102 8
92 42
92 41
92 40
101 8
92 39
100 8
92 38
92 37
92 36
92 35
92 34
99 8
92 33
91 33
90 33
89 33
88 33
87 33
86 33
85 33
84 33
100 1
83 33
82 33
81 33
80 33
79 33
78 33
77 33
76 33
75 33
98 8
74 33
73 33
72 33
71 33
70 33
97 8
96 8
69 33
68 33
67 33
66 33
65 33
99 1
64 33
98 1
63 33
97 1
111 0
62 33
61 33
60 33
59 33
58 33
57 33
56 33
55 33
95 8
54 33
53 33
52 33
51 33
50 33
49 33
48 33
47 33
46 33
45 33
44 33
43 33
96 1
42 33
41 33
40 33
39 33
94 8
93 8
38 33
95 1
92 8
37 33
91 8
36 33
35 33
34 33
90 8
89 8
88 8
33 33
32 33
87 8
32 34
32 35
32 36
32 37
32 38
32 39
32 40
86 8
85 8
32 41
32 42
32 43
32 44
84 8
94 1
93 1
83 8
32 45
92 1
32 46
32 47
91 1
32 48
82 8
81 8
80 8
32 49
79 8
32 50
32 51
32 52
32 53
32 54
32 55
32 56
32 57
32 58
78 8
32 59
77 8
32 60
32 61
32 62
32 63
32 64
32 65
32 66
32 67
76 8
32 68
75 8
90 1
32 69
32 70
32 71
32 72
74 8
32 73
32 74
73 8
32 75
32 76
72 8
32 77
71 8
70 8
32 78
32 79
32 80
32 81
69 8
32 82
32 83
68 8
67 8
32 84
32 85
32 86
32 87
66 8
65 8
32 88
32 89
89 1
32 90
32 91
64 8
32 92
32 93
33 93
88 1
63 8
34 93
35 93
36 93
37 93
38 93
39 93
40 93
41 93
42 93
43 93
87 1
44 93
62 8
61 8
45 93
46 93
47 93
60 8
48 93
59 8
49 93
50 93
51 93
52 93
53 93
58 8
57 8
54 93
55 93
56 93
57 93
58 93
56 8
55 8
59 93
60 93
61 93
54 8
62 93
63 93
64 93
65 93
53 8
66 93
52 8
51 8
67 93
50 8
49 8
68 93
69 93
70 93
71 93
72 93
48 8
73 93
74 93
75 93
76 93
77 93
78 93
79 93
80 93
81 93
82 93
47 8
83 93
84 93
85 93
86 1
86 93
87 93
88 93
89 93
46 8
45 8
44 8
90 93
91 93
43 8
42 8
41 8
85 1
40 8
39 8
92 93
93 93
93 92
38 8
37 8
93 91
36 8
93 90
35 8
34 8
33 8
93 89
93 88
93 87
32 8
93 86
31 8
93 85
30 8
93 84
84 1
93 83
93 82
93 81
83 1
93 80
93 79
93 78
29 8
28 8
93 77
27 8
93 76
82 1
93 75
26 8
93 74
93 73
93 72
93 71
93 70
93 69
93 68
81 1
93 67
25 8
93 66
93 65
93 64
93 63
93 62
93 61
93 60
24 8
93 59
93 58
93 57
93 56
93 55
23 8
93 54
93 53
93 52
93 51
93 50
93 49
22 8
93 48
93 47
93 46
21 8
20 8
93 45
19 8
18 8
17 8
93 44
93 43
93 42
93 41
93 40
16 8
93 39
15 8
93 38
93 37
93 36
14 8
93 35
93 34
93 33
13 8
12 8
93 32
11 8
10 8
92 32
91 32
90 32
80 1
79 1
78 1
9 8
77 1
89 32
88 32
87 32
86 32
85 32
84 32
8 8
83 32
82 32
7 8
81 32
7 9
7 10
80 32
7 11
79 32
78 32
7 12
77 32
76 32
75 32
74 32
7 13
7 14
73 32
72 32
71 32
70 32
69 32
68 32
7 15
7 16
7 17
67 32
7 18
66 32
65 32
7 19
64 32
76 1
63 32
62 32
61 32
60 32
59 32
7 20
7 21
58 32
57 32
7 22
56 32
7 23
7 24
75 1
110 0
55 32
54 32
53 32
7 25
52 32
51 32
50 32
49 32
48 32
47 32
46 32
45 32
44 32
7 26
43 32
7 27
7 28
7 29
7 30
42 32
41 32
40 32
39 32
7 31
7 32
7 33
38 32
37 32
36 32
7 34
35 32
34 32
7 35
7 36
33 32
7 37
32 32
31 32
31 33
31 34
31 35
7 38
7 39
74 1
31 36
73 1
31 37
31 38
31 39
31 40
7 40
31 41
31 42
31 43
31 44
31 45
7 41
31 46
31 47
31 48
31 49
31 50
31 51
31 52
31 53
31 54
7 42
31 55
7 43
31 56
31 57
31 58
31 59
31 60
31 61
31 62
31 63
31 64
31 65
31 66
7 44
31 67
31 68
31 69
31 70
31 71
7 45
7 46
7 47
31 72
31 73
31 74
31 75
7 48
7 49
31 76
31 77
31 78
31 79
72 1
71 1
31 80
31 81
31 82
7 50
7 51
7 52
70 1
7 53
31 83
31 84
31 85
7 54
7 55
7 56
31 86
31 87
7 57
31 88
31 89
31 90
7 58
31 91
31 92
31 93
31 94
32 94
7 59
33 94
34 94
35 94
69 1
36 94
7 60
37 94
38 94
7 61
39 94
40 94
41 94
68 1
42 94
7 62
43 94
44 94
7 63
7 64
7 65
67 1
45 94
46 94
47 94
48 94
7 66
49 94
50 94
51 94
7 67
52 94
7 68
53 94
7 69
54 94
55 94
7 70
56 94
7 71
57 94
58 94
7 72
59 94
60 94
61 94
62 94
63 94
64 94
7 73
65 94
66 94
7 74
67 94
68 94
69 94
70 94
71 94
72 94
73 94
7 75
74 94
75 94
7 76
76 94
77 94
78 94
109 0
7 77
79 94
80 94
7 78
7 79
7 80
7 81
81 94
66 1
82 94
83 94
84 94
85 94
86 94
7 82
7 83
87 94
88 94
89 94
7 84
90 94
7 85
7 86
91 94
92 94
93 94
94 94
94 93
94 92
94 91
7 87
94 90
65 1
7 88
7 89
94 89
94 88
94 87
94 86
7 90
94 85
94 84
108 0
107 0
94 83
7 91
94 82
94 81
7 92
94 80
94 79
94 78
94 77
94 76
94 75
64 1
94 74
7 93
94 73
94 72
63 1
94 71
94 70
94 69
94 68
94 67
94 66
7 94
94 65
7 95
94 64
94 63
94 62
94 61
7 96
94 60
7 97
94 59
94 58
94 57
94 56
62 1
94 55
61 1
94 54
94 53
60 1
94 52
94 51
7 98
94 50
94 49
94 48
7 99
94 47
7 100
7 101
94 46
94 45
7 102
7 103
94 44
94 43
94 42
94 41
94 40
94 39
7 104
94 38
7 105
94 37
94 36
94 35
106 0
7 106
7 107
94 34
7 108
94 33
7 109
94 32
7 110
94 31
7 111
93 31
7 112
7 113
7 114
92 31
7 115
91 31
90 31
89 31
7 116
7 117
7 118
88 31
87 31
8 118
86 31
85 31
84 31
9 118
83 31
10 118
82 31
81 31
80 31
79 31
78 31
11 118
12 118
77 31
76 31
13 118
14 118
75 31
74 31
73 31
72 31
71 31
70 31
69 31
68 31
15 118
67 31
16 118
17 118
18 118
66 31
59 1
65 31
64 31
63 31
19 118
62 31
20 118
58 1
21 118
61 31
60 31
59 31
58 31
57 31
56 31
22 118
55 31
54 31
23 118
24 118
53 31
52 31
51 31
50 31
25 118
49 31
26 118
48 31
47 31
46 31
27 118
28 118
29 118
45 31
44 31
30 118
43 31
42 31
41 31
40 31
39 31
57 1
38 31
37 31
56 1
31 118
36 31
35 31
55 1
32 118
34 31
33 31
33 118
32 31
31 31
30 31
30 32
54 1
30 33
34 118
30 34
30 35
35 118
53 1
36 118
37 118
30 36
30 37
30 38
30 39
38 118
30 40
30 41
30 42
30 43
39 118
30 44
30 45
30 46
40 118
30 47
41 118
30 48
42 118
43 118
44 118
30 49
30 50
30 51
30 52
30 53
30 54
30 55
30 56
52 1
30 57
30 58
30 59
30 60
45 118
30 61
30 62
30 63
30 64
46 118
30 65
30 66
30 67
30 68
30 69
47 118
51 1
50 1
30 70
30 71
48 118
30 72
30 73
49 118
50 118
51 118
30 74
49 1
30 75
48 1
30 76
30 77
30 78
52 118
30 79
53 118
54 118
55 118
30 80
30 81
30 82
56 118
57 118
30 83
30 84
30 85
58 118
30 86
30 87
30 88
30 89
30 90
105 0
59 118
30 91
30 92
60 118
30 93
30 94
30 95
31 95
32 95
33 95
34 95
61 118
35 95
62 118
36 95
37 95
38 95
63 118
64 118
39 95
40 95
41 95
65 118
42 95
43 95
104 0
66 118
44 95
67 118
45 95
68 118
46 95
47 95
48 95
69 118
49 95
70 118
71 118
50 95
51 95
52 95
53 95
54 95
55 95
72 118
56 95
57 95
58 95
73 118
59 95
60 95
74 118
61 95
62 95
75 118
63 95
76 118
64 95
77 118
65 95
66 95
67 95
78 118
79 118
68 95
69 95
70 95
71 95
72 95
73 95
80 118
81 118
74 95
75 95
76 95
77 95
78 95
47 1
79 95
80 95
81 95
82 118
82 95
83 95
84 95
83 118
85 95
86 95
84 118
87 95
85 118
88 95
89 95
90 95
91 95
92 95
93 95
94 95
86 118
95 95
95 94
95 93
95 92
95 91
95 90
95 89
95 88
95 87
95 86
95 85
95 84
95 83
87 118
95 82
95 81
95 80
88 118
95 79
95 78
46 1
95 77
45 1
95 76
95 75
95 74
89 118
95 73
95 72
95 71
95 70
95 69
90 118
91 118
95 68
92 118
44 1
93 118
95 67
95 66
95 65
95 64
95 63
94 118
95 118
95 62
95 61
95 60
95 59
96 118
95 58
95 57
95 56
95 55
97 118
43 1
95 54
95 53
95 52
95 51
98 118
99 118
100 118
95 50
101 118
95 49
42 1
95 48
95 47
95 46
95 45
95 44
102 118
95 43
103 118
95 42
104 118
95 41
95 40
105 118
106 118
95 39
107 118
95 38
95 37
95 36
95 35
95 34
108 118
95 33
109 118
95 32
95 31
95 30
110 118
94 30
93 30
111 118
92 30
91 30
90 30
89 30
88 30
112 118
87 30
86 30
85 30
84 30
83 30
82 30
81 30
80 30
113 118
79 30
114 118
115 118
116 118
117 118
78 30
77 30
76 30
75 30
118 118
41 1
74 30
73 30
118 117
72 30
118 116
71 30
70 30
40 1
69 30
68 30
118 115
118 114
67 30
66 30
39 1
65 30
64 30
38 1
63 30
118 113
118 112
118 111
62 30
118 110
61 30
60 30
118 109
118 108
37 1
59 30
118 107
58 30
118 106
118 105
118 104
57 30
118 103
118 102
56 30
55 30
118 101
54 30
53 30
52 30
51 30
50 30
118 100
49 30
118 99
118 98
48 30
47 30
118 97
118 96
46 30
45 30
118 95
36 1
44 30
43 30
118 94
118 93
42 30
41 30
40 30
35 1
39 30
38 30
37 30
118 92
34 1
36 30
35 30
34 30
33 1
33 30
32 30
31 30
118 91
30 30
29 30
29 31
29 32
118 90
29 33
29 34
29 35
29 36
118 89
118 88
118 87
118 86
118 85
29 37
29 38
118 84
118 83
29 39
29 40
29 41
118 82
118 81
29 42
29 43
29 44
29 45
29 46
29 47
29 48
118 80
29 49
29 50
29 51
118 79
29 52
29 53
29 54
29 55
29 56
29 57
29 58
118 78
29 59
29 60
29 61
29 62
118 77
29 63
118 76
29 64
118 75
29 65
29 66
29 67
29 68
29 69
118 74
29 70
29 71
29 72
29 73
29 74
32 1
29 75
29 76
29 77
29 78
29 79
29 80
29 81
29 82
118 73
29 83
29 84
118 72
29 85
29 86
29 87
29 88
118 71
118 70
31 1
29 89
29 90
118 69
118 68
118 67
29 91
29 92
118 66
30 1
118 65
118 64
118 63
118 62
29 93
118 61
118 60
118 59
118 58
29 94
29 95
29 96
30 96
118 57
118 56
118 55
31 96
32 96
118 54
118 53
33 96
34 96
35 96
29 1
36 96
28 1
37 96
38 96
39 96
118 52
40 96
118 51
118 50
41 96
42 96
118 49
118 48
43 96
44 96
45 96
118 47
46 96
47 96
48 96
49 96
118 46
50 96
51 96
52 96
53 96
118 45
54 96
55 96
27 1
118 44
118 43
56 96
57 96
103 0
58 96
59 96
60 96
61 96
62 96
63 96
64 96
65 96
66 96
118 42
67 96
68 96
69 96
70 96
71 96
72 96
73 96
74 96
118 41
118 40
26 1
75 96
76 96
77 96
25 1
78 96
79 96
80 96
24 1
81 96
82 96
83 96
84 96
85 96
86 96
87 96
88 96
89 96
118 39
90 96
91 96
118 38
92 96
93 96
94 96
118 37
95 96
96 96
96 95
96 94
96 93
96 92
96 91
96 90
118 36
118 35
118 34
118 33
96 89
96 88
96 87
96 86
96 85
118 32
118 31
118 30
96 84
96 83
96 82
118 29
96 81
96 80
118 28
118 27
96 79
96 78
96 77
96 76
96 75
96 74
96 73
96 72
96 71
96 70
96 69
96 68
96 67
96 66
96 65
96 64
96 63
96 62
96 61
96 60
96 59
96 58
96 57
118 26
96 56
96 55
96 54
96 53
96 52
96 51
118 25
96 50
96 49
118 24
96 48
96 47
96 46
96 45
96 44
118 23
118 22
96 43
96 42
118 21
118 20
96 41
23 1
96 40
96 39
96 38
96 37
96 36
118 19
118 18
118 17
96 35
96 34
96 33
96 32
96 31
118 16
96 30
118 15
96 29
95 29
94 29
93 29
118 14
92 29
118 13
118 12
91 29
90 29
118 11
118 10
89 29
118 9
118 8
88 29
87 29
86 29
85 29
84 29
118 7
117 7
83 29
82 29
81 29
116 7
22 1
115 7
80 29
114 7
79 29
78 29
77 29
76 29
113 7
75 29
74 29
73 29
112 7
111 7
21 1
110 7
72 29
109 7
71 29
70 29
69 29
108 7
68 29
67 29
66 29
107 7
106 7
105 7
104 7
65 29
103 7
64 29
63 29
62 29
61 29
60 29
59 29
20 1
102 7
101 7
58 29
57 29
56 29
55 29
54 29
100 7
53 29
99 7
52 29
51 29
50 29
49 29
98 7
97 7
96 7
95 7
48 29
94 7
47 29
93 7
46 29
45 29
92 7
91 7
44 29
43 29
19 1
42 29
90 7
89 7
41 29
88 7
40 29
39 29
87 7
38 29
37 29
36 29
35 29
34 29
33 29
32 29
31 29
30 29
29 29
86 7
28 29
85 7
28 30
84 7
28 31
83 7
28 32
28 33
28 34
28 35
28 36
82 7
81 7
28 37
28 38
80 7
18 1
28 39
28 40
28 41
79 7
28 42
78 7
28 43
28 44
77 7
28 45
28 46
28 47
76 7
75 7
28 48
28 49
17 1
28 50
28 51
28 52
28 53
28 54
74 7
28 55
73 7
16 1
15 1
72 7
28 56
71 7
28 57
28 58
70 7
28 59
69 7
28 60
28 61
14 1
68 7
28 62
67 7
28 63
28 64
28 65
28 66
28 67
66 7
28 68
28 69
28 70
28 71
28 72
28 73
65 7
28 74
13 1
64 7
28 75
28 76
63 7
28 77
28 78
28 79
28 80
28 81
28 82
28 83
62 7
28 84
61 7
60 7
28 85
59 7
28 86
28 87
28 88
28 89
28 90
28 91
28 92
28 93
58 7
57 7
28 94
12 1
11 1
28 95
28 96
28 97
29 97
56 7
10 1
55 7
54 7
30 97
53 7
31 97
32 97
33 97
52 7
51 7
50 7
34 97
49 7
48 7
35 97
36 97
37 97
38 97
39 97
40 97
41 97
42 97
43 97
47 7
44 97
45 97
9 1
46 7
45 7
44 7
46 97
43 7
47 97
48 97
42 7
41 7
49 97
50 97
51 97
52 97
53 97
54 97
55 97
102 0
56 97
57 97
58 97
40 7
59 97
39 7
60 97
8 1
61 97
62 97
38 7
63 97
64 97
37 7
65 97
36 7
35 7
34 7
66 97
67 97
68 97
69 97
70 97
71 97
7 1
33 7
72 97
73 97
74 97
75 97
76 97
32 7
77 97
78 97
79 97
80 97
81 97
82 97
83 97
84 97
85 97
86 97
87 97
88 97
31 7
89 97
90 97
91 97
92 97
30 7
93 97
94 97
95 97
96 97
97 97
97 96
97 95
29 7
97 94
97 93
97 92
97 91
97 90
97 89
28 7
97 88
27 7
97 87
26 7
6 1
97 86
25 7
97 85
97 84
97 83
24 7
97 82
23 7
97 81
97 80
97 79
97 78
22 7
21 7
20 7
19 7
18 7
17 7
97 77
97 76
16 7
97 75
97 74
97 73
97 72
15 7
5 1
14 7
97 71
97 70
97 69
13 7
97 68
97 67
12 7
97 66
11 7
97 65
97 64
97 63
10 7
97 62
97 61
97 60
4 1
97 59
97 58
97 57
97 56
97 55
9 7
97 54
8 7
7 7
97 53
97 52
6 7
97 51
97 50
97 49
101 0
3 1
97 48
97 47
97 46
6 8
97 45
2 1
97 44
6 9
1 1
6 10
97 43
0 1
97 42
97 41
0 2
97 40
6 11
97 39
97 38
6 12
97 37
97 36
97 35
97 34
6 13
6 14
97 33
97 32
97 31
97 30
97 29
97 28
96 28
6 15
6 16
95 28
94 28
6 17
93 28
92 28
6 18
91 28
90 28
89 28
88 28
87 28
6 19
86 28
85 28
84 28
83 28
82 28
6 20
81 28
6 21
80 28
79 28
78 28
77 28
76 28
75 28
74 28
73 28
72 28
6 22
71 28
70 28
69 28
68 28
6 23
67 28
6 24
66 28
6 25
0 3
65 28
6 26
6 27
64 28
6 28
63 28
62 28
0 4
61 28
6 29
6 30
60 28
6 31
59 28
6 32
58 28
6 33
57 28
56 28
6 34
55 28
0 5
54 28
6 35
53 28
52 28
6 36
51 28
50 28
49 28
48 28
47 28
6 37
46 28
45 28
44 28
43 28
42 28
6 38
6 39
41 28
6 40
40 28
39 28
6 41
38 28
37 28
36 28
35 28
6 42
34 28
33 28
32 28
31 28
30 28
29 28
28 28
27 28
27 29
27 30
27 31
27 32
0 6
27 33
27 34
27 35
6 43
27 36
27 37
27 38
6 44
27 39
27 40
27 41
27 42
27 43
27 44
27 45
27 46
6 45
27 47
27 48
27 49
27 50
27 51
27 52
6 46
100 0
27 53
6 47
27 54
27 55
27 56
6 48
6 49
6 50
27 57
27 58
27 59
27 60
27 61
27 62
27 63
27 64
27 65
27 66
27 67
27 68
27 69
27 70
27 71
27 72
6 51
27 73
27 74
0 7
27 75
27 76
27 77
27 78
27 79
27 80
6 52
6 53
27 81
27 82
6 54
27 83
27 84
27 85
27 86
27 87
6 55
27 88
27 89
27 90
27 91
6 56
6 57
27 92
27 93
6 58
6 59
27 94
27 95
27 96
27 97
6 60
27 98
28 98
29 98
6 61
30 98
6 62
6 63
31 98
32 98
33 98
34 98
6 64
6 65
35 98
6 66
6 67
6 68
36 98
37 98
99 0
38 98
39 98
40 98
41 98
6 69
6 70
6 71
6 72
42 98
6 73
43 98
44 98
6 74
6 75
45 98
6 76
46 98
47 98
6 77
48 98
49 98
6 78
50 98
6 79
6 80
51 98
52 98
53 98
54 98
6 81
55 98
6 82
56 98
57 98
6 83
58 98
59 98
60 98
61 98
62 98
63 98
64 98
65 98
6 84
66 98
6 85
67 98
68 98
69 98
98 0
70 98
71 98
6 86
0 8
72 98
6 87
73 98
74 98
75 98
76 98
77 98
78 98
79 98
80 98
81 98
82 98
0 9
83 98
0 10
6 88
6 89
84 98
6 90
6 91
85 98
86 98
87 98
6 92
88 98
6 93
89 98
6 94
90 98
6 95
91 98
6 96
0 11
92 98
0 12
93 98
6 97
94 98
95 98
96 98
6 98
6 99
97 98
98 98
98 97
6 100
6 101
98 96
6 102
98 95
0 13
98 94
98 93
98 92
98 91
98 90
6 103
98 89
98 88
98 87
98 86
98 85
98 84
6 104
98 83
98 82
6 105
6 106
0 14
98 81
98 80
98 79
98 78
98 77
98 76
98 75
98 74
98 73
98 72
98 71
98 70
98 69
98 68
98 67
98 66
98 65
6 107
6 108
98 64
98 63
98 62
0 15
6 109
98 61
6 110
6 111
98 60
98 59
98 58
98 57
98 56
6 112
98 55
98 54
6 113
6 114
98 53
98 52
98 51
98 50
98 49
98 48
6 115
6 116
98 47
98 46
98 45
98 44
98 43
6 117
98 42
98 41
98 40
0 16
98 39
98 38
0 17
6 118
98 37
98 36
98 35
98 34
97 0
98 33
98 32
98 31
98 30
98 29
98 28
98 27
97 27
96 27
95 27
6 119
94 27
93 27
92 27
91 27
7 119
90 27
89 27
88 27
87 27
86 27
85 27
84 27
83 27
8 119
9 119
82 27
81 27
80 27
10 119
0 18
79 27
78 27
77 27
11 119
76 27
75 27
74 27
73 27
12 119
72 27
71 27
13 119
0 19
70 27
14 119
69 27
68 27
67 27
66 27
0 20
15 119
65 27
64 27
63 27
62 27
16 119
61 27
0 21
17 119
60 27
18 119
59 27
19 119
58 27
57 27
56 27
20 119
55 27
54 27
0 22
53 27
52 27
51 27
50 27
21 119
49 27
22 119
48 27
47 27
46 27
45 27
0 23
44 27
43 27
42 27
41 27
40 27
39 27
38 27
37 27
36 27
0 24
35 27
34 27
33 27
32 27
31 27
30 27
0 25
29 27
28 27
27 27
26 27
23 119
26 28
26 29
26 30
26 31
24 119
26 32
26 33
26 34
26 35
26 36
26 37
26 38
26 39
25 119
26 40
26 41
26 119
26 42
26 43
26 44
27 119
28 119
26 45
29 119
26 46
26 47
26 48
26 49
26 50
30 119
0 26
26 51
26 52
26 53
0 27
26 54
26 55
31 119
32 119
26 56
26 57
26 58
26 59
33 119
26 60
26 61
26 62
26 63
26 64
34 119
26 65
26 66
26 67
35 119
36 119
37 119
26 68
26 69
26 70
26 71
26 72
38 119
26 73
39 119
26 74
40 119
26 75
26 76
41 119
26 77
26 78
26 79
42 119
26 80
26 81
26 82
26 83
26 84
43 119
26 85
26 86
26 87
44 119
0 28
26 88
26 89
26 90
26 91
26 92
26 93
45 119
46 119
26 94
47 119
26 95
26 96
26 97
26 98
26 99
0 29
27 99
28 99
29 99
30 99
96 0
31 99
32 99
33 99
48 119
34 99
49 119
50 119
35 99
36 99
37 99
51 119
38 99
52 119
53 119
39 99
40 99
54 119
55 119
56 119
57 119
58 119
41 99
59 119
60 119
42 99
43 99
61 119
44 99
45 99
46 99
47 99
62 119
63 119
64 119
48 99
65 119
66 119
49 99
50 99
51 99
0 30
52 99
53 99
54 99
55 99
56 99
57 99
58 99
59 99
60 99
61 99
67 119
62 99
63 99
64 99
68 119
65 99
66 99
67 99
68 99
69 119
70 119
69 99
70 99
71 119
71 99
72 119
72 99
73 119
73 99
74 119
74 99
75 99
75 119
76 119
77 119
78 119
79 119
76 99
77 99
78 99
0 31
79 99
80 119
0 32
80 99
81 99
82 99
83 99
84 99
81 119
85 99
82 119
86 99
87 99
83 119
88 99
89 99
90 99
95 0
91 99
84 119
92 99
85 119
86 119
93 99
94 99
87 119
95 99
96 99
88 119
89 119
90 119
97 99
98 99
99 99
99 98
99 97
99 96
99 95
99 94
91 119
99 93
92 119
93 119
99 92
94 119
95 119
96 119
99 91
97 119
99 90
98 119
99 119
99 89
99 88
99 87
99 86
99 85
99 84
99 83
99 82
99 81
100 119
99 80
99 79
101 119
99 78
102 119
99 77
103 119
99 76
104 119
99 75
99 74
99 73
0 33
99 72
0 34
99 71
99 70
99 69
99 68
105 119
99 67
99 66
106 119
99 65
99 64
0 35
99 63
107 119
99 62
99 61
108 119
99 60
99 59
109 119
99 58
0 36
99 57
110 119
99 56
99 55
99 54
111 119
0 37
112 119
99 53
113 119
99 52
114 119
99 51
99 50
99 49
115 119
99 48
99 47
0 38
99 46
116 119
99 45
99 44
99 43
99 42
117 119
99 41
99 40
99 39
118 119
99 38
119 119
99 37
119 118
99 36
99 35
119 117
99 34
99 33
99 32
119 116
99 31
99 30
99 29
119 115
99 28
99 27
119 114
119 113
99 26
119 112
98 26
119 111
119 110
97 26
96 26
95 26
94 26
93 26
92 26
91 26
90 26
89 26
119 109
88 26
87 26
119 108
86 26
85 26
84 26
83 26
119 107
82 26
119 106
81 26
119 105
80 26
79 26
119 104
78 26
119 103
119 102
77 26
119 101
76 26
75 26
119 100
74 26
73 26
119 99
72 26
71 26
70 26
69 26
68 26
119 98
67 26
66 26
65 26
64 26
63 26
62 26
61 26
60 26
59 26
58 26
57 26
56 26
55 26
119 97
54 26
119 96
119 95
119 94
0 39
53 26
119 93
52 26
119 92
51 26
50 26
49 26
119 91
48 26
119 90
47 26
46 26
45 26
44 26
119 89
43 26
119 88
119 87
42 26
41 26
40 26
119 86
39 26
38 26
0 40
37 26
36 26
35 26
34 26
33 26
0 41
32 26
31 26
30 26
29 26
119 85
28 26
27 26
26 26
25 26
25 27
25 28
119 84
119 83
0 42
25 29
25 30
25 31
119 82
119 81
25 32
119 80
25 33
119 79
25 34
25 35
25 36
119 78
119 77
119 76
0 43
25 37
25 38
119 75
25 39
119 74
119 73
25 40
25 41
25 42
25 43
25 44
0 44
25 45
25 46
119 72
119 71
25 47
25 48
119 70
119 69
25 49
25 50
25 51
25 52
25 53
25 54
25 55
25 56
25 57
25 58
119 68
119 67
25 59
25 60
119 66
25 61
119 65
25 62
25 63
25 64
25 65
25 66
0 45
25 67
25 68
119 64
25 69
25 70
25 71
25 72
0 46
119 63
25 73
0 47
25 74
25 75
25 76
25 77
119 62
119 61
25 78
25 79
25 80
119 60
25 81
119 59
119 58
25 82
119 57
25 83
25 84
119 56
119 55
25 85
119 54
25 86
25 87
25 88
25 89
25 90
25 91
119 53
25 92
25 93
119 52
119 51
25 94
25 95
119 50
119 49
119 48
119 47
25 96
25 97
119 46
25 98
119 45
25 99
119 44
25 100
119 43
26 100
119 42
119 41
119 40
119 39
119 38
27 100
28 100
29 100
30 100
31 100
119 37
119 36
32 100
33 100
119 35
34 100
119 34
119 33
35 100
36 100
37 100
0 48
119 32
38 100
39 100
40 100
41 100
42 100
43 100
44 100
45 100
119 31
46 100
47 100
48 100
49 100
119 30
0 49
50 100
51 100
52 100
119 29
53 100
119 28
54 100
119 27
119 26
55 100
56 100
57 100
58 100
119 25
59 100
60 100
119 24
119 23
119 22
61 100
119 21
62 100
119 20
63 100
64 100
65 100
66 100
119 19
67 100
68 100
69 100
70 100
71 100
119 18
72 100
73 100
0 50
119 17
0 51
0 52
74 100
75 100
76 100
77 100
119 16
78 100
79 100
80 100
81 100
82 100
83 100
84 100
85 100
119 15
119 14
86 100
87 100
88 100
89 100
0 53
90 100
91 100
92 100
93 100
94 100
119 13
0 54
95 100
119 12
119 11
96 100
97 100
119 10
98 100
99 100
100 100
100 99
119 9
100 98
100 97
119 8
0 55
119 7
100 96
100 95
100 94
100 93
100 92
100 91
119 6
0 56
100 90
100 89
100 88
118 6
100 87
100 86
0 57
100 85
0 58
100 84
100 83
117 6
100 82
116 6
100 81
115 6
100 80
100 79
114 6
113 6
112 6
100 78
100 77
100 76
100 75
100 74
111 6
110 6
100 73
109 6
100 72
100 71
100 70
108 6
0 59
100 69
107 6
100 68
100 67
106 6
100 66
100 65
105 6
100 64
67 0
100 63
104 6
0 60
100 62
100 61
100 60
100 59
103 6
100 58
100 57
100 56
100 55
102 6
100 54
101 6
100 53
100 6
99 6
98 6
97 6
96 6
100 52
100 51
100 50
95 6
94 6
100 49
93 6
100 48
100 47
100 46
100 45
92 6
91 6
90 6
89 6
100 44
100 43
0 61
100 42
100 41
88 6
87 6
86 6
85 6
100 40
84 6
100 39
83 6
100 38
100 37
100 36
100 35
100 34
100 33
100 32
100 31
100 30
100 29
100 28
0 62
100 27
82 6
81 6
100 26
100 25
99 25
98 25
97 25
80 6
96 25
79 6
78 6
77 6
95 25
94 25
93 25
92 25
76 6
91 25
90 25
0 63
75 6
89 25
88 25
87 25
86 25
85 25
74 6
73 6
72 6
71 6
84 25
70 6
83 25
69 6
82 25
68 6
81 25
67 6
80 25
79 25
66 6
78 25
65 6
77 25
76 25
64 6
75 25
74 25
73 25
72 25
71 25
0 64
70 25
69 25
68 25
67 25
66 25
65 25
64 25
63 25
62 25
61 25
60 25
59 25
58 25
57 25
63 6
56 25
62 6
55 25
54 25
61 6
60 6
59 6
58 6
53 25
52 25
51 25
50 25
57 6
49 25
48 25
47 25
46 25
45 25
44 25
43 25
42 25
41 25
56 6
55 6
40 25
39 25
38 25
37 25
36 25
35 25
34 25
33 25
54 6
32 25
53 6
31 25
30 25
52 6
29 25
28 25
27 25
51 6
26 25
50 6
25 25
24 25
24 26
49 6
48 6
24 27
24 28
24 29
24 30
24 31
24 32
24 33
24 34
24 35
24 36
24 37
47 6
46 6
24 38
24 39
24 40
24 41
24 42
24 43
24 44
24 45
24 46
24 47
24 48
24 49
24 50
0 65
45 6
0 66
24 51
24 52
24 53
24 54
24 55
24 56
44 6
24 57
43 6
24 58
42 6
24 59
24 60
24 61
24 62
24 63
41 6
40 6
39 6
24 64
38 6
24 65
24 66
37 6
24 67
24 68
36 6
24 69
24 70
24 71
35 6
24 72
24 73
34 6
33 6
24 74
24 75
24 76
24 77
24 78
32 6
31 6
24 79
0 67
24 80
24 81
24 82
30 6
94 0
29 6
24 83
24 84
24 85
28 6
27 6
24 86
26 6
24 87
24 88
24 89
25 6
24 6
23 6
24 90
93 0
24 91
22 6
21 6
20 6
19 6
24 92
24 93
24 94
0 68
24 95
24 96
24 97
24 98
24 99
24 100
24 101
25 101
18 6
26 101
27 101
28 101
29 101
30 101
31 101
17 6
32 101
33 101
34 101
16 6
35 101
15 6
36 101
14 6
13 6
37 101
38 101
39 101
92 0
40 101
41 101
42 101
12 6
43 101
44 101
45 101
46 101
47 101
11 6
10 6
48 101
49 101
9 6
50 101
51 101
52 101
53 101
8 6
7 6
54 101
55 101
6 6
56 101
57 101
58 101
59 101
5 6
5 7
5 8
5 9
60 101
61 101
62 101
63 101
64 101
65 101
66 101
5 10
67 101
68 101
69 101
70 101
71 101
5 11
72 101
73 101
74 101
75 101
76 101
5 12
77 101
78 101
79 101
80 101
81 101
82 101
83 101
84 101
85 101
86 101
87 101
88 101
89 101
90 101
91 101
92 101
93 101
94 101
5 13
5 14
5 15
5 16
95 101
0 69
96 101
5 17
97 101
5 18
98 101
99 101
100 101
5 19
5 20
0 70
5 21
5 22
5 23
101 101
101 100
101 99
5 24
101 98
101 97
101 96
5 25
101 95
101 94
0 71
101 93
5 26
101 92
101 91
101 90
101 89
5 27
101 88
101 87
101 86
5 28
101 85
101 84
101 83
101 82
101 81
5 29
5 30
5 31
101 80
101 79
101 78
5 32
5 33
101 77
101 76
101 75
101 74
101 73
5 34
101 72
5 35
5 36
0 72
101 71
101 70
5 37
0 73
101 69
101 68
101 67
101 66
101 65
101 64
101 63
5 38
101 62
101 61
5 39
101 60
101 59
101 58
5 40
101 57
101 56
0 74
101 55
101 54
5 41
101 53
5 42
101 52
5 43
101 51
101 50
101 49
101 48
5 44
0 75
101 47
5 45
101 46
5 46
5 47
101 45
101 44
101 43
101 42
101 41
5 48
101 40
101 39
101 38
101 37
5 49
5 50
101 36
101 35
0 76
101 34
101 33
101 32
5 51
5 52
5 53
5 54
101 31
101 30
101 29
101 28
101 27
101 26
5 55
101 25
101 24
5 56
100 24
99 24
5 57
98 24
0 77
97 24
96 24
95 24
5 58
94 24
5 59
93 24
5 60
92 24
91 24
90 24
89 24
88 24
5 61
5 62
87 24
5 63
86 24
0 78
85 24
5 64
84 24
83 24
82 24
5 65
5 66
81 24
0 79
80 24
79 24
78 24
5 67
77 24
76 24
75 24
5 68
74 24
5 69
73 24
5 70
72 24
71 24
70 24
69 24
68 24
67 24
5 71
66 24
5 72
65 24
5 73
5 74
5 75
64 24
63 24
62 24
61 24
60 24
59 24
5 76
58 24
57 24
5 77
5 78
56 24
5 79
5 80
55 24
54 24
5 81
5 82
5 83
53 24
52 24
51 24
50 24
49 24
48 24
47 24
46 24
5 84
5 85
5 86
45 24
5 87
44 24
0 80
0 81
43 24
42 24
41 24
40 24
39 24
38 24
37 24
5 88
36 24
35 24
5 89
34 24
33 24
0 82
32 24
31 24
30 24
5 90
5 91
29 24
5 92
5 93
28 24
0 83
27 24
5 94
26 24
5 95
5 96
25 24
24 24
23 24
5 97
23 25
23 26
5 98
23 27
23 28
5 99
5 100
23 29
23 30
0 84
0 85
23 31
23 32
5 101
23 33
23 34
23 35
23 36
0 86
23 37
23 38
5 102
23 39
23 40
23 41
23 42
23 43
5 103
23 44
5 104
23 45
23 46
23 47
5 105
23 48
23 49
23 50
23 51
5 106
23 52
23 53
23 54
23 55
5 107
23 56
23 57
5 108
23 58
23 59
23 60
23 61
23 62
5 109
5 110
23 63
23 64
5 111
5 112
23 65
23 66
5 113
23 67
23 68
5 114
23 69
23 70
5 115
23 71
23 72
0 87
23 73
23 74
23 75
23 76
23 77
23 78
5 116
23 79
5 117
23 80
5 118
23 81
23 82
5 119
23 83
23 84
23 85
23 86
5 120
6 120
23 87
23 88
7 120
8 120
9 120
23 89
23 90
23 91
23 92
23 93
23 94
23 95
23 96
10 120
11 120
23 97
23 98
23 99
23 100
23 101
23 102
24 102
12 120
25 102
13 120
26 102
14 120
15 120
27 102
0 88
28 102
29 102
16 120
30 102
31 102
32 102
33 102
34 102
35 102
36 102
17 120
37 102
38 102
39 102
40 102
41 102
42 102
43 102
18 120
44 102
45 102
46 102
47 102
48 102
0 89
19 120
49 102
20 120
50 102
51 102
21 120
52 102
22 120
53 102
54 102
55 102
23 120
56 102
24 120
0 90
57 102
58 102
59 102
25 120
60 102
26 120
61 102
62 102
63 102
64 102
65 102
27 120
28 120
66 102
67 102
68 102
29 120
69 102
70 102
71 102
72 102
30 120
31 120
73 102
74 102
75 102
76 102
32 120
77 102
78 102
33 120
79 102
80 102
34 120
35 120
81 102
0 91
82 102
83 102
36 120
37 120
84 102
85 102
86 102
0 92
0 93
87 102
38 120
88 102
39 120
89 102
90 102
91 102
92 102
93 102
94 102
40 120
95 102
96 102
97 102
98 102
99 102
41 120
100 102
42 120
43 120
101 102
102 102
44 120
45 120
102 101
102 100
102 99
46 120
102 98
47 120
102 97
102 96
48 120
102 95
49 120
102 94
50 120
102 93
51 120
0 94
102 92
52 120
102 91
102 90
102 89
102 88
53 120
54 120
102 87
102 86
102 85
102 84
102 83
102 82
55 120
102 81
102 80
56 120
102 79
102 78
57 120
58 120
102 77
102 76
102 75
102 74
59 120
60 120
61 120
102 73
102 72
62 120
102 71
102 70
102 69
102 68
63 120
102 67
64 120
102 66
102 65
102 64
65 120
102 63
102 62
102 61
66 120
67 120
102 60
68 120
69 120
70 120
71 120
102 59
102 58
102 57
102 56
102 55
72 120
102 54
73 120
102 53
74 120
0 95
102 52
102 51
75 120
102 50
76 120
102 49
102 48
102 47
0 96
102 46
77 120
102 45
102 44
0 97
78 120
102 43
102 42
79 120
102 41
80 120
102 40
102 39
102 38
0 98
81 120
82 120
102 37
102 36
102 35
83 120
84 120
102 34
102 33
102 32
85 120
102 31
102 30
102 29
102 28
102 27
102 26
102 25
86 120
102 24
0 99
102 23
101 23
100 23
87 120
88 120
99 23
98 23
0 100
97 23
0 101
96 23
95 23
0 102
89 120
94 23
93 23
90 120
91 120
92 120
92 23
91 23
90 23
93 120
89 23
88 23
87 23
86 23
85 23
84 23
83 23
82 23
81 23
94 120
95 120
96 120
80 23
97 120
98 120
79 23
99 120
100 120
78 23
77 23
76 23
75 23
74 23
73 23
72 23
71 23
101 120
70 23
69 23
68 23
67 23
102 120
66 23
103 120
65 23
64 23
104 120
63 23
105 120
106 120
62 23
61 23
60 23
59 23
58 23
107 120
57 23
108 120
56 23
109 120
55 23
110 120
54 23
53 23
111 120
52 23
112 120
113 120
51 23
114 120
50 23
115 120
116 120
49 23
0 103
48 23
47 23
46 23
117 120
45 23
44 23
43 23
42 23
41 23
40 23
39 23
118 120
119 120
38 23
37 23
36 23
35 23
120 120
120 119
34 23
33 23
120 118
32 23
31 23
120 117
120 116
30 23
29 23
28 23
27 23
26 23
25 23
24 23
23 23
22 23
22 24
22 25
22 26
120 115
22 27
22 28
22 29
22 30
22 31
22 32
120 114
22 33
22 34
22 35
22 36
120 113
22 37
120 112
22 38
22 39
120 111
22 40
22 41
22 42
120 110
120 109
120 108
22 43
120 107
22 44
22 45
22 46
22 47
22 48
120 106
22 49
120 105
22 50
22 51
22 52
22 53
22 54
22 55
22 56
120 104
22 57
22 58
22 59
22 60
22 61
0 104
22 62
22 63
22 64
22 65
120 103
22 66
22 67
22 68
22 69
22 70
22 71
22 72
120 102
22 73
120 101
22 74
22 75
120 100
120 99
0 105
22 76
22 77
22 78
22 79
120 98
120 97
22 80
22 81
22 82
22 83
22 84
22 85
22 86
22 87
22 88
22 89
120 96
22 90
22 91
120 95
22 92
22 93
22 94
22 95
120 94
22 96
22 97
22 98
120 93
22 99
22 100
22 101
22 102
120 92
22 103
23 103
0 106
120 91
120 90
0 107
24 103
25 103
26 103
120 89
27 103
28 103
29 103
30 103
31 103
120 88
32 103
33 103
34 103
35 103
36 103
37 103
38 103
39 103
40 103
41 103
42 103
120 87
43 103
120 86
44 103
45 103
120 85
120 84
46 103
120 83
120 82
47 103
48 103
49 103
0 108
50 103
120 81
51 103
120 80
52 103
120 79
53 103
54 103
55 103
120 78
120 77
120 76
120 75
56 103
120 74
57 103
58 103
59 103
0 109
60 103
120 73
61 103
62 103
63 103
64 103
120 72
65 103
66 103
67 103
120 71
68 103
69 103
70 103
71 103
72 103
120 70
73 103
0 110
74 103
75 103
76 103
77 103
120 69
78 103
79 103
80 103
81 103
82 103
83 103
84 103
85 103
86 103
87 103
88 103
89 103
90 103
91 103
92 103
120 68
93 103
94 103
95 103
96 103
97 103
98 103
99 103
100 103
101 103
0 111
102 103
103 103
103 102
120 67
103 101
103 100
0 112
120 66
103 99
103 98
103 97
120 65
103 96
120 64
103 95
120 63
103 94
120 62
103 93
103 92
103 91
0 113
103 90
103 89
120 61
120 60
103 88
103 87
103 86
103 85
120 59
120 58
103 84
103 83
120 57
103 82
103 81
120 56
120 55
120 54
103 80
103 79
120 53
103 78
103 77
103 76
103 75
103 74
103 73
103 72
120 52
103 71
120 51
103 70
103 69
103 68
103 67
103 66
103 65
120 50
103 64
103 63
103 62
103 61
0 114
103 60
103 59
103 58
103 57
120 49
120 48
103 56
103 55
91 0
103 54
120 47
103 53
103 52
103 51
103 50
120 46
103 49
120 45
103 48
0 115
120 44
120 43
103 47
120 42
103 46
103 45
0 116
103 44
103 43
103 42
103 41
120 41
103 40
103 39
103 38
103 37
103 36
103 35
103 34
103 33
103 32
120 40
103 31
103 30
120 39
120 38
103 29
103 28
103 27
103 26
120 37
103 25
103 24
103 23
103 22
120 36
102 22
120 35
120 34
120 33
120 32
101 22
100 22
99 22
120 31
98 22
97 22
96 22
0 117
95 22
94 22
93 22
92 22
91 22
120 30
90 22
89 22
0 118
88 22
120 29
87 22
120 28
120 27
86 22
85 22
84 22
83 22
82 22
81 22
120 26
80 22
79 22
78 22
77 22
76 22
120 25
120 24
120 23
75 22
120 22
74 22
73 22
72 22
71 22
70 22
120 21
69 22
0 119
68 22
120 20
67 22
66 22
65 22
64 22
120 19
63 22
62 22
61 22
60 22
59 22
58 22
120 18
90 0
120 17
57 22
56 22
55 22
54 22
120 16
53 22
52 22
51 22
120 15
50 22
49 22
120 14
48 22
47 22
46 22
45 22
44 22
120 13
120 12
43 22
120 11
120 10
42 22
120 9
120 8
41 22
120 7
40 22
120 6
39 22
120 5
38 22
119 5
118 5
37 22
36 22
117 5
35 22
34 22
33 22
116 5
115 5
32 22
31 22
30 22
29 22
28 22
27 22
26 22
25 22
114 5
113 5
24 22
23 22
112 5
111 5
22 22
110 5
21 22
109 5
0 120
108 5
21 23
21 24
21 25
21 26
107 5
21 27
21 28
106 5
0 121
21 29
21 30
21 31
21 32
21 33
21 34
21 35
105 5
21 36
21 37
21 38
104 5
21 39
0 122
103 5
21 40
102 5
21 41
21 42
21 43
0 123
101 5
100 5
21 44
21 45
21 46
21 47
21 48
99 5
98 5
21 49
97 5
21 50
21 51
89 0
21 52
21 53
21 54
0 124
96 5
21 55
21 56
21 57
21 58
0 125
21 59
21 60
1 125
21 61
21 62
95 5
21 63
21 64
21 65
94 5
21 66
93 5
21 67
92 5
91 5
21 68
21 69
21 70
21 71
21 72
21 73
21 74
21 75
21 76
90 5
21 77
89 5
21 78
88 5
21 79
87 5
21 80
21 81
21 82
86 5
85 5
84 5
21 83
21 84
83 5
21 85
21 86
82 5
21 87
21 88
21 89
21 90
21 91
21 92
81 5
80 5
79 5
2 125
3 125
21 93
21 94
21 95
21 96
21 97
21 98
21 99
21 100
78 5
21 101
21 102
21 103
77 5
21 104
22 104
76 5
23 104
24 104
25 104
26 104
4 125
75 5
27 104
28 104
29 104
30 104
31 104
32 104
33 104
34 104
74 5
35 104
73 5
36 104
72 5
71 5
37 104
38 104
39 104
40 104
5 125
41 104
42 104
43 104
44 104
45 104
46 104
47 104
48 104
70 5
49 104
6 125
7 125
50 104
69 5
51 104
52 104
53 104
54 104
55 104
8 125
68 5
56 104
67 5
66 5
57 104
65 5
58 104
9 125
59 104
60 104
61 104
64 5
63 5
62 104
62 5
63 104
61 5
64 104
65 104
66 104
67 104
68 104
60 5
59 5
69 104
70 104
71 104
58 5
72 104
73 104
57 5
74 104
56 5
75 104
55 5
76 104
54 5
77 104
53 5
78 104
79 104
80 104
81 104
52 5
82 104
83 104
84 104
85 104
86 104
51 5
50 5
87 104
88 104
49 5
48 5
47 5
89 104
90 104
91 104
46 5
92 104
93 104
94 104
95 104
96 104
97 104
98 104
45 5
44 5
99 104
100 104
43 5
101 104
42 5
102 104
41 5
103 104
104 104
104 103
104 102
104 101
104 100
104 99
40 5
104 98
104 97
10 125
104 96
104 95
104 94
104 93
104 92
104 91
39 5
104 90
104 89
104 88
38 5
104 87
104 86
104 85
104 84
37 5
104 83
36 5
35 5
104 82
104 81
104 80
104 79
34 5
104 78
11 125
33 5
104 77
32 5
104 76
104 75
104 74
104 73
104 72
104 71
104 70
31 5
104 69
104 68
30 5
29 5
28 5
104 67
104 66
104 65
104 64
104 63
12 125
104 62
27 5
26 5
25 5
104 61
104 60
104 59
24 5
104 58
23 5
104 57
22 5
104 56
104 55
21 5
20 5
104 54
104 53
19 5
104 52
18 5
104 51
17 5
104 50
16 5
15 5
14 5
104 49
13 5
12 5
104 48
11 5
10 5
9 5
8 5
104 47
104 46
104 45
7 5
6 5
104 44
104 43
13 125
5 5
104 42
104 41
4 5
104 40
104 39
104 38
4 6
104 37
104 36
104 35
4 7
4 8
4 9
104 34
104 33
104 32
104 31
4 10
4 11
104 30
104 29
104 28
4 12
4 13
104 27
4 14
4 15
4 16
4 17
4 18
104 26
104 25
104 24
104 23
104 22
104 21
103 21
4 19
4 20
4 21
4 22
102 21
4 23
101 21
100 21
99 21
98 21
97 21
96 21
95 21
94 21
93 21
92 21
91 21
4 24
4 25
4 26
4 27
4 28
90 21
89 21
88 21
4 29
87 21
86 21
85 21
4 30
4 31
4 32
14 125
4 33
4 34
84 21
4 35
4 36
83 21
82 21
4 37
4 38
81 21
4 39
4 40
80 21
4 41
79 21
4 42
4 43
78 21
4 44
77 21
76 21
75 21
4 45
4 46
4 47
74 21
73 21
72 21
4 48
71 21
4 49
70 21
69 21
68 21
4 50
4 51
67 21
66 21
65 21
64 21
4 52
63 21
62 21
61 21
60 21
59 21
58 21
4 53
57 21
56 21
55 21
4 54
54 21
53 21
4 55
15 125
52 21
4 56
4 57
51 21
50 21
4 58
49 21
48 21
47 21
46 21
4 59
16 125
45 21
4 60
44 21
43 21
42 21
4 61
41 21
40 21
39 21
38 21
4 62
37 21
36 21
4 63
35 21
4 64
34 21
33 21
32 21
31 21
30 21
4 65
29 21
28 21
27 21
26 21
25 21
4 66
24 21
23 21
4 67
22 21
21 21
20 21
4 68
4 69
20 22
20 23
20 24
20 25
20 26
20 27
20 28
4 70
20 29
20 30
20 31
20 32
4 71
4 72
20 33
20 34
4 73
4 74
20 35
17 125
18 125
20 36
20 37
20 38
20 39
20 40
20 41
20 42
20 43
4 75
20 44
20 45
20 46
4 76
20 47
20 48
4 77
20 49
20 50
4 78
20 51
20 52
4 79
4 80
4 81
4 82
4 83
4 84
20 53
20 54
4 85
20 55
20 56
20 57
20 58
20 59
4 86
4 87
20 60
20 61
20 62
20 63
20 64
4 88
20 65
20 66
20 67
20 68
20 69
20 70
4 89
20 71
20 72
20 73
20 74
20 75
20 76
20 77
20 78
20 79
20 80
4 90
4 91
4 92
20 81
4 93
20 82
20 83
20 84
4 94
20 85
88 0
20 86
20 87
20 88
20 89
20 90
20 91
20 92
20 93
20 94
20 95
20 96
20 97
20 98
20 99
20 100
20 101
20 102
20 103
20 104
20 105
4 95
21 105
4 96
22 105
23 105
24 105
25 105
26 105
27 105
28 105
29 105
30 105
4 97
31 105
32 105
33 105
34 105
35 105
36 105
4 98
4 99
4 100
37 105
4 101
38 105
39 105
40 105
41 105
42 105
43 105
44 105
19 125
45 105
46 105
4 102
47 105
48 105
4 103
49 105
50 105
51 105
52 105
53 105
54 105
55 105
4 104
56 105
57 105
4 105
58 105
59 105
60 105
4 106
61 105
62 105
63 105
4 107
64 105
65 105
66 105
67 105
4 108
68 105
4 109
69 105
70 105
71 105
72 105
73 105
74 105
75 105
76 105
77 105
78 105
79 105
80 105
81 105
4 110
82 105
83 105
84 105
4 111
85 105
86 105
87 105
88 105
89 105
4 112
4 113
90 105
91 105
4 114
92 105
93 105
94 105
4 115
95 105
96 105
97 105
4 116
98 105
99 105
100 105
101 105
102 105
103 105
4 117
104 105
105 105
105 104
105 103
4 118
4 119
4 120
4 121
105 102
105 101
20 125
5 121
105 100
105 99
6 121
7 121
105 98
105 97
105 96
105 95
8 121
105 94
105 93
9 121
10 121
105 92
105 91
105 90
105 89
11 121
12 121
105 88
105 87
105 86
13 121
105 85
105 84
105 83
105 82
14 121
15 121
105 81
105 80
105 79
16 121
105 78
105 77
105 76
21 125
22 125
105 75
105 74
105 73
105 72
23 125
17 121
105 71
105 70
105 69
105 68
105 67
105 66
105 65
105 64
105 63
18 121
105 62
19 121
105 61
105 60
20 121
21 121
22 121
105 59
105 58
105 57
105 56
105 55
105 54
105 53
105 52
23 121
105 51
105 50
105 49
105 48
24 121
105 47
105 46
105 45
105 44
105 43
105 42
105 41
105 40
25 121
105 39
26 121
105 38
105 37
105 36
105 35
27 121
105 34
87 0
105 33
105 32
105 31
105 30
24 125
28 121
105 29
105 28
25 125
105 27
29 121
105 26
30 121
105 25
105 24
105 23
105 22
31 121
105 21
105 20
32 121
104 20
26 125
33 121
27 125
103 20
34 121
102 20
101 20
100 20
99 20
98 20
97 20
96 20
95 20
94 20
93 20
92 20
35 121
91 20
36 121
90 20
89 20
88 20
87 20
86 20
85 20
84 20
83 20
82 20
81 20
37 121
80 20
38 121
39 121
40 121
79 20
41 121
42 121
43 121
78 20
77 20
76 20
75 20
74 20
73 20
44 121
72 20
28 125
45 121
71 20
70 20
69 20
68 20
46 121
67 20
66 20
47 121
29 125
65 20
64 20
63 20
62 20
61 20
48 121
60 20
59 20
30 125
58 20
57 20
56 20
55 20
54 20
53 20
49 121
52 20
51 20
50 121
51 121
52 121
50 20
49 20
48 20
53 121
47 20
54 121
46 20
55 121
45 20
44 20
56 121
43 20
42 20
57 121
41 20
40 20
39 20
58 121
38 20
37 20
36 20
35 20
34 20
33 20
59 121
32 20
31 20
30 20
29 20
28 20
60 121
27 20
26 20
25 20
24 20
23 20
61 121
22 20
62 121
21 20
20 20
19 20
63 121
19 21
19 22
64 121
19 23
65 121
19 24
19 25
19 26
66 121
19 27
19 28
19 29
67 121
19 30
19 31
19 32
31 125
19 33
68 121
69 121
19 34
19 35
19 36
19 37
70 121
71 121
72 121
19 38
19 39
73 121
19 40
74 121
19 41
19 42
75 121
76 121
19 43
19 44
32 125
19 45
19 46
19 47
33 125
19 48
77 121
34 125
19 49
19 50
78 121
19 51
19 52
19 53
79 121
80 121
35 125
81 121
19 54
19 55
19 56
19 57
19 58
19 59
82 121
19 60
83 121
19 61
19 62
19 63
19 64
19 65
84 121
19 66
19 67
19 68
19 69
36 125
19 70
19 71
19 72
85 121
19 73
19 74
86 121
19 75
87 121
19 76
19 77
19 78
19 79
88 121
89 121
19 80
19 81
90 121
19 82
91 121
19 83
19 84
92 121
93 121
19 85
19 86
19 87
19 88
19 89
19 90
19 91
94 121
19 92
19 93
95 121
19 94
19 95
19 96
19 97
19 98
96 121
19 99
19 100
19 101
19 102
19 103
19 104
97 121
19 105
19 106
20 106
21 106
98 121
22 106
99 121
23 106
24 106
25 106
26 106
27 106
100 121
28 106
37 125
101 121
102 121
29 106
30 106
103 121
104 121
31 106
32 106
33 106
34 106
35 106
105 121
36 106
37 106
38 106
106 121
107 121
39 106
40 106
108 121
109 121
38 125
41 106
42 106
43 106
44 106
45 106
110 121
111 121
46 106
112 121
113 121
114 121
115 121
47 106
48 106
49 106
50 106
51 106
52 106
53 106
54 106
116 121
117 121
55 106
56 106
118 121
57 106
58 106
119 121
59 106
60 106
61 106
62 106
63 106
120 121
121 121
121 120
121 119
64 106
65 106
121 118
66 106
121 117
67 106
121 116
68 106
69 106
70 106
71 106
72 106
73 106
39 125
121 115
74 106
75 106
121 114
121 113
40 125
76 106
41 125
77 106
78 106
79 106
80 106
81 106
82 106
83 106
84 106
121 112
85 106
86 106
42 125
87 106
121 111
121 110
121 109
121 108
121 107
88 106
89 106
90 106
121 106
43 125
91 106
121 105
92 106
121 104
93 106
121 103
121 102
94 106
95 106
96 106
97 106
98 106
99 106
100 106
101 106
102 106
44 125
103 106
104 106
121 101
105 106
106 106
106 105
121 100
106 104
106 103
106 102
121 99
121 98
121 97
106 101
121 96
45 125
106 100
121 95
121 94
106 99
121 93
121 92
106 98
106 97
121 91
106 96
106 95
106 94
106 93
106 92
106 91
121 90
121 89
106 90
121 88
106 89
121 87
106 88
46 125
121 86
106 87
106 86
106 85
106 84
121 85
106 83
121 84
121 83
121 82
106 82
121 81
106 81
106 80
121 80
106 79
106 78
121 79
106 77
121 78
121 77
121 76
121 75
106 76
106 75
106 74
106 73
106 72
106 71
121 74
106 70
121 73
121 72
106 69
47 125
106 68
106 67
121 71
106 66
106 65
106 64
106 63
106 62
106 61
121 70
121 69
121 68
106 60
106 59
106 58
121 67
121 66
121 65
106 57
121 64
106 56
121 63
106 55
48 125
106 54
106 53
106 52
121 62
106 51
106 50
106 49
121 61
106 48
121 60
106 47
106 46
121 59
106 45
106 44
106 43
121 58
106 42
106 41
106 40
121 57
121 56
106 39
106 38
106 37
106 36
121 55
106 35
106 34
106 33
106 32
106 31
121 54
106 30
121 53
121 52
121 51
106 29
106 28
121 50
106 27
106 26
106 25
121 49
106 24
121 48
106 23
49 125
121 47
121 46
106 22
106 21
106 20
121 45
106 19
121 44
121 43
105 19
121 42
121 41
104 19
121 40
121 39
103 19
102 19
101 19
100 19
50 125
121 38
99 19
98 19
97 19
96 19
121 37
121 36
95 19
94 19
121 35
121 34
93 19
121 33
92 19
86 0
91 19
90 19
89 19
88 19
87 19
86 19
85 19
84 19
51 125
52 125
83 19
82 19
81 19
121 32
80 19
121 31
79 19
78 19
121 30
77 19
76 19
75 19
74 19
121 29
121 28
73 19
121 27
72 19
71 19
70 19
69 19
68 19
67 19
66 19
121 26
65 19
64 19
63 19
121 25
62 19
61 19
121 24
60 19
59 19
121 23
58 19
57 19
121 22
56 19
55 19
85 0
54 19
53 19
121 21
52 19
51 19
50 19
49 19
48 19
47 19
46 19
45 19
44 19
43 19
42 19
41 19
53 125
40 19
39 19
121 20
121 19
38 19
37 19
36 19
35 19
34 19
121 18
54 125
33 19
121 17
55 125
32 19
121 16
121 15
121 14
31 19
30 19
29 19
28 19
56 125
27 19
26 19
25 19
24 19
23 19
121 13
121 12
22 19
121 11
21 19
121 10
121 9
121 8
20 19
19 19
18 19
121 7
121 6
57 125
18 20
18 21
121 5
18 22
18 23
58 125
18 24
18 25
18 26
121 4
120 4
18 27
119 4
18 28
118 4
117 4
18 29
59 125
18 30
18 31
18 32
18 33
18 34
116 4
115 4
114 4
18 35
18 36
113 4
18 37
18 38
18 39
18 40
112 4
18 41
111 4
110 4
18 42
18 43
18 44
109 4
18 45
18 46
18 47
108 4
18 48
18 49
107 4
18 50
18 51
18 52
18 53
106 4
18 54
18 55
105 4
18 56
104 4
18 57
103 4
60 125
102 4
101 4
18 58
100 4
18 59
99 4
18 60
98 4
18 61
18 62
97 4
18 63
18 64
18 65
18 66
18 67
18 68
18 69
96 4
18 70
18 71
95 4
94 4
93 4
92 4
91 4
18 72
18 73
18 74
18 75
18 76
18 77
18 78
18 79
18 80
18 81
18 82
18 83
18 84
90 4
89 4
88 4
18 85
87 4
86 4
18 86
18 87
18 88
85 4
18 89
18 90
18 91
18 92
18 93
61 125
84 4
83 4
18 94
18 95
82 4
18 96
18 97
81 4
80 4
18 98
18 99
18 100
18 101
18 102
18 103
18 104
18 105
79 4
18 106
78 4
18 107
19 107
77 4
20 107
21 107
22 107
23 107
24 107
25 107
26 107
27 107
28 107
76 4
75 4
74 4
29 107
30 107
73 4
72 4
31 107
32 107
71 4
70 4
33 107
34 107
35 107
69 4
62 125
68 4
67 4
63 125
64 125
36 107
37 107
38 107
66 4
65 4
39 107
40 107
64 4
65 125
63 4
62 4
61 4
41 107
42 107
66 125
43 107
60 4
59 4
67 125
44 107
45 107
46 107
47 107
58 4
57 4
68 125
56 4
48 107
49 107
50 107
69 125
55 4
54 4
51 107
53 4
52 107
53 107
54 107
55 107
56 107
57 107
58 107
59 107
52 4
51 4
60 107
61 107
50 4
62 107
49 4
63 107
64 107
65 107
66 107
67 107
68 107
69 107
48 4
70 107
71 107
72 107
47 4
46 4
73 107
45 4
74 107
75 107
76 107
77 107
78 107
79 107
44 4
80 107
43 4
81 107
82 107
83 107
42 4
84 107
85 107
86 107
87 107
41 4
40 4
88 107
89 107
90 107
91 107
92 107
93 107
94 107
39 4
95 107
96 107
38 4
97 107
98 107
99 107
100 107
101 107
37 4
36 4
102 107
103 107
104 107
105 107
106 107
35 4
107 107
107 106
34 4
33 4
107 105
107 104
107 103
107 102
107 101
107 100
107 99
70 125
107 98
32 4
107 97
71 125
31 4
30 4
107 96
107 95
107 94
107 93
107 92
72 125
107 91
107 90
107 89
107 88
107 87
107 86
107 85
29 4
84 0
107 84
107 83
28 4
27 4
107 82
107 81
107 80
26 4
107 79
73 125
107 78
107 77
25 4
24 4
107 76
107 75
23 4
22 4
107 74
21 4
20 4
107 73
107 72
19 4
107 71
107 70
18 4
107 69
107 68
107 67
107 66
17 4
107 65
16 4
107 64
107 63
107 62
107 61
107 60
107 59
15 4
107 58
107 57
14 4
13 4
12 4
107 56
107 55
107 54
11 4
10 4
107 53
107 52
107 51
107 50
107 49
107 48
107 47
107 46
9 4
107 45
107 44
107 43
8 4
7 4
74 125
75 125
107 42
107 41
107 40
107 39
107 38
107 37
107 36
107 35
6 4
107 34
107 33
5 4
107 32
4 4
107 31
107 30
107 29
107 28
107 27
107 26
107 25
107 24
107 23
107 22
107 21
3 4
3 5
107 20
107 19
3 6
107 18
106 18
105 18
76 125
104 18
3 7
103 18
3 8
102 18
101 18
100 18
3 9
3 10
99 18
98 18
3 11
97 18
96 18
3 12
95 18
94 18
93 18
92 18
91 18
90 18
89 18
88 18
87 18
86 18
3 13
85 18
3 14
84 18
83 18
82 18
3 15
81 18
80 18
79 18
3 16
3 17
3 18
78 18
77 18
3 19
3 20
76 18
3 21
75 18
74 18
73 18
72 18
71 18
70 18
3 22
69 18
68 18
67 18
66 18
65 18
64 18
63 18
62 18
3 23
61 18
3 24
60 18
59 18
3 25
58 18
57 18
56 18
55 18
54 18
53 18
52 18
51 18
3 26
50 18
77 125
49 18
48 18
3 27
47 18
46 18
45 18
44 18
43 18
42 18
41 18
40 18
3 28
39 18
3 29
38 18
37 18
3 30
3 31
36 18
3 32
35 18
3 33
34 18
33 18
3 34
3 35
32 18
31 18
30 18
3 36
3 37
3 38
29 18
28 18
78 125
27 18
26 18
25 18
79 125
24 18
23 18
22 18
21 18
3 39
20 18
3 40
3 41
3 42
3 43
19 18
18 18
17 18
17 19
17 20
17 21
17 22
80 125
3 44
17 23
3 45
17 24
17 25
17 26
17 27
17 28
17 29
3 46
17 30
17 31
17 32
17 33
3 47
3 48
17 34
17 35
17 36
3 49
17 37
17 38
3 50
17 39
3 51
3 52
17 40
17 41
81 125
3 53
3 54
17 42
17 43
17 44
17 45
17 46
17 47
3 55
17 48
17 49
3 56
17 50
17 51
3 57
3 58
3 59
17 52
17 53
17 54
17 55
3 60
3 61
17 56
17 57
17 58
3 62
82 125
17 59
3 63
17 60
83 0
17 61
17 62
3 64
17 63
17 64
17 65
83 125
17 66
3 65
17 67
84 125
17 68
17 69
17 70
17 71
17 72
17 73
17 74
85 125
17 75
17 76
17 77
17 78
17 79
17 80
82 0
17 81
17 82
86 125
3 66
3 67
17 83
3 68
17 84
3 69
17 85
17 86
17 87
17 88
3 70
3 71
17 89
87 125
17 90
3 72
17 91
17 92
17 93
17 94
17 95
3 73
17 96
88 125
3 74
3 75
89 125
17 97
3 76
3 77
17 98
17 99
17 100
17 101
17 102
3 78
3 79
17 103
17 104
17 105
3 80
3 81
17 106
17 107
3 82
17 108
18 108
19 108
3 83
20 108
3 84
3 85
21 108
22 108
23 108
24 108
25 108
26 108
27 108
28 108
29 108
30 108
3 86
31 108
32 108
33 108
3 87
34 108
81 0
35 108
36 108
37 108
38 108
39 108
40 108
3 88
3 89
41 108
3 90
42 108
3 91
3 92
3 93
43 108
44 108
3 94
45 108
46 108
3 95
3 96
3 97
47 108
48 108
49 108
90 125
50 108
91 125
51 108
52 108
53 108
54 108
55 108
56 108
3 98
57 108
58 108
92 125
93 125
80 0
59 108
60 108
61 108
94 125
62 108
63 108
64 108
65 108
66 108
67 108
3 99
68 108
69 108
70 108
71 108
3 100
72 108
73 108
3 101
74 108
75 108
3 102
3 103
76 108
3 104
77 108
78 108
3 105
79 108
80 108
3 106
81 108
82 108
3 107
83 108
84 108
85 108
86 108
3 108
3 109
3 110
3 111
87 108
88 108
3 112
89 108
90 108
95 125
91 108
3 113
92 108
93 108
94 108
3 114
95 108
3 115
96 108
3 116
97 108
98 108
99 108
100 108
3 117
3 118
101 108
102 108
103 108
104 108
105 108
3 119
106 108
107 108
108 108
108 107
3 120
108 106
3 121
108 105
108 104
108 103
108 102
3 122
4 122
5 122
108 101
96 125
108 100
108 99
6 122
7 122
97 125
108 98
108 97
108 96
98 125
108 95
108 94
8 122
108 93
9 122
10 122
108 92
108 91
108 90
108 89
108 88
11 122
108 87
108 86
108 85
108 84
12 122
13 122
108 83
108 82
108 81
108 80
108 79
99 125
14 122
15 122
108 78
108 77
108 76
100 125
108 75
108 74
16 122
17 122
108 73
108 72
108 71
18 122
108 70
108 69
108 68
108 67
101 125
108 66
19 122
108 65
108 64
108 63
108 62
108 61
108 60
108 59
108 58
108 57
108 56
20 122
108 55
21 122
108 54
22 122
108 53
102 125
108 52
108 51
23 122
24 122
108 50
25 122
26 122
108 49
108 48
27 122
108 47
108 46
108 45
108 44
108 43
108 42
28 122
29 122
30 122
31 122
108 41
32 122
108 40
108 39
108 38
108 37
108 36
108 35
108 34
33 122
108 33
34 122
35 122
108 32
108 31
108 30
36 122
108 29
108 28
37 122
108 27
38 122
108 26
108 25
108 24
108 23
39 122
108 22
40 122
108 21
108 20
103 125
108 19
104 125
41 122
108 18
42 122
108 17
107 17
106 17
105 17
104 17
103 17
102 17
101 17
100 17
99 17
98 17
97 17
96 17
43 122
95 17
44 122
94 17
45 122
46 122
93 17
47 122
48 122
49 122
92 17
91 17
105 125
90 17
89 17
88 17
87 17
50 122
86 17
85 17
84 17
51 122
52 122
53 122
83 17
82 17
54 122
55 122
81 17
80 17
56 122
79 17
78 17
77 17
76 17
75 17
74 17
57 122
58 122
59 122
60 122
73 17
72 17
71 17
70 17
69 17
68 17
67 17
66 17
61 122
65 17
62 122
64 17
63 17
63 122
62 17
61 17
60 17
59 17
58 17
64 122
65 122
57 17
56 17
55 17
54 17
53 17
66 122
52 17
51 17
50 17
49 17
48 17
67 122
47 17
68 122
46 17
45 17
44 17
43 17
69 122
70 122
71 122
42 17
41 17
72 122
40 17
39 17
38 17
37 17
106 125
73 122
107 125
36 17
35 17
34 17
33 17
32 17
74 122
31 17
30 17
75 122
29 17
28 17
27 17
26 17
25 17
24 17
23 17
22 17
21 17
76 122
77 122
20 17
78 122
108 125
19 17
79 122
18 17
17 17
16 17
16 18
109 125
16 19
16 20
16 21
16 22
16 23
80 122
81 122
16 24
16 25
16 26
16 27
16 28
16 29
16 30
82 122
16 31
16 32
16 33
83 122
16 34
16 35
16 36
16 37
16 38
16 39
84 122
16 40
85 122
16 41
86 122
16 42
87 122
16 43
88 122
16 44
16 45
110 125
89 122
16 46
16 47
16 48
16 49
16 50
16 51
90 122
91 122
16 52
92 122
93 122
16 53
94 122
95 122
16 54
16 55
16 56
96 122
111 125
16 57
16 58
97 122
98 122
16 59
16 60
16 61
16 62
16 63
16 64
99 122
16 65
16 66
100 122
101 122
102 122
103 122
104 122
16 67
16 68
16 69
16 70
105 122
16 71
16 72
16 73
16 74
16 75
16 76
106 122
16 77
16 78
112 125
16 79
16 80
16 81
16 82
16 83
16 84
16 85
16 86
16 87
16 88
16 89
16 90
107 122
16 91
16 92
108 122
113 125
16 93
16 94
109 122
16 95
16 96
16 97
110 122
16 98
111 122
112 122
16 99
113 122
16 100
16 101
16 102
114 122
115 122
16 103
16 104
16 105
16 106
16 107
116 122
16 108
16 109
117 122
114 125
118 122
17 109
119 122
120 122
115 125
18 109
19 109
20 109
21 109
121 122
122 122
22 109
23 109
24 109
25 109
26 109
122 121
27 109
28 109
29 109
116 125
30 109
31 109
122 120
32 109
122 119
33 109
34 109
122 118
122 117
117 125
122 116
122 115
122 114
118 125
35 109
122 113
36 109
37 109
38 109
122 112
39 109
40 109
122 111
41 109
42 109
43 109
44 109
45 109
46 109
47 109
48 109
122 110
49 109
50 109
122 109
122 108
51 109
52 109
53 109
54 109
55 109
56 109
122 107
57 109
58 109
59 109
60 109
61 109
122 106
62 109
63 109
122 105
64 109
65 109
119 125
122 104
66 109
67 109
68 109
122 103
120 125
69 109
70 109
71 109
122 102
72 109
73 109
74 109
121 125
122 101
75 109
122 100
76 109
122 99
122 98
77 109
122 97
78 109
79 109
122 96
80 109
81 109
122 95
122 125
82 109
83 109
84 109
85 109
86 109
87 109
88 109
89 109
90 109
122 94
122 93
91 109
92 109
93 109
94 109
122 92
95 109
96 109
97 109
98 109
99 109
100 109
101 109
102 109
103 109
104 109
122 91
105 109
106 109
107 109
123 125
108 109
122 90
122 89
109 109
109 108
122 88
109 107
122 87
109 106
122 86
109 105
109 104
122 85
122 84
109 103
122 83
109 102
109 101
109 100
122 82
109 99
109 98
122 81
122 80
109 97
109 96
109 95
109 94
122 79
109 93
109 92
109 91
109 90
122 78
109 89
109 88
109 87
109 86
109 85
122 77
109 84
122 76
122 75
109 83
109 82
109 81
109 80
109 79
109 78
109 77
109 76
109 75
109 74
109 73
109 72
122 74
109 71
109 70
122 73
109 69
109 68
122 72
122 71
109 67
109 66
109 65
122 70
109 64
109 63
109 62
124 125
109 61
109 60
109 59
122 69
109 58
122 68
122 67
109 57
109 56
109 55
109 54
122 66
122 65
109 53
122 64
109 52
109 51
122 63
122 62
122 61
109 50
122 60
109 49
109 48
122 59
109 47
109 46
109 45
109 44
109 43
109 42
109 41
109 40
109 39
109 38
109 37
122 58
109 36
109 35
122 57
109 34
122 56
109 33
122 55
109 32
109 31
109 30
122 54
109 29
109 28
109 27
109 26
122 53
122 52
109 25
109 24
109 23
109 22
109 21
125 125
109 20
109 19
109 18
122 51
109 17
109 16
122 50
122 49
108 16
107 16
122 48
122 47
106 16
105 16
104 16
103 16
102 16
101 16
79 0
122 46
100 16
122 45
122 44
99 16
98 16
122 43
122 42
97 16
96 16
95 16
94 16
93 16
92 16
91 16
122 41
90 16
89 16
88 16
87 16
86 16
122 40
85 16
84 16
122 39
125 124
122 38
122 37
122 36
83 16
122 35
122 34
82 16
81 16
80 16
122 33
122 32
122 31
79 16
78 16
77 16
76 16
122 30
75 16
74 16
73 16
72 16
71 16
70 16
69 16
122 29
68 16
122 28
67 16
66 16
65 16
64 16
63 16
122 27
122 26
62 16
61 16
125 123
60 16
59 16
58 16
57 16
56 16
55 16
54 16
53 16
122 25
52 16
122 24
122 23
51 16
50 16
122 22
49 16
48 16
47 16
46 16
45 16
44 16
43 16
122 21
42 16
41 16
40 16
39 16
38 16
122 20
122 19
37 16
36 16
35 16
34 16
122 18
33 16
122 17
122 16
122 15
32 16
31 16
30 16
122 14
29 16
28 16
27 16
26 16
122 13
25 16
122 12
24 16
23 16
22 16
21 16
20 16
122 11
19 16
122 10
122 9
18 16
17 16
16 16
15 16
15 17
15 18
125 122
15 19
122 8
15 20
15 21
122 7
15 22
15 23
122 6
122 5
15 24
15 25
15 26
15 27
122 4
15 28
122 3
15 29
15 30
125 121
121 3
120 3
119 3
15 31
118 3
15 32
15 33
15 34
15 35
15 36
15 37
117 3
125 120
116 3
115 3
15 38
15 39
114 3
15 40
15 41
15 42
15 43
15 44
15 45
15 46
15 47
113 3
15 48
112 3
15 49
15 50
15 51
15 52
15 53
15 54
15 55
15 56
15 57
111 3
15 58
15 59
15 60
15 61
110 3
15 62
15 63
15 64
125 119
109 3
15 65
125 118
15 66
15 67
108 3
15 68
15 69
107 3
15 70
15 71
15 72
15 73
15 74
15 75
15 76
15 77
15 78
15 79
106 3
105 3
15 80
104 3
15 81
15 82
15 83
15 84
15 85
15 86
103 3
102 3
15 87
15 88
15 89
101 3
15 90
100 3
15 91
15 92
15 93
15 94
99 3
15 95
15 96
15 97
125 117
15 98
15 99
98 3
15 100
15 101
97 3
96 3
125 116
15 102
15 103
95 3
15 104
15 105
15 106
15 107
125 115
15 108
15 109
15 110
16 110
17 110
94 3
18 110
93 3
92 3
19 110
20 110
21 110
22 110
23 110
24 110
25 110
26 110
27 110
125 114
28 110
125 113
91 3
90 3
29 110
30 110
31 110
89 3
88 3
32 110
33 110
34 110
35 110
36 110
37 110
38 110
39 110
40 110
41 110
42 110
43 110
44 110
45 110
46 110
47 110
48 110
87 3
86 3
49 110
125 112
85 3
50 110
51 110
84 3
52 110
83 3
82 3
53 110
125 111
54 110
81 3
55 110
78 0
80 3
79 3
78 3
56 110
57 110
58 110
59 110
77 3
60 110
76 3
61 110
62 110
63 110
64 110
75 3
74 3
65 110
66 110
67 110
73 3
72 3
68 110
71 3
69 110
70 110
125 110
71 110
72 110
73 110
70 3
74 110
125 109
75 110
76 110
69 3
68 3
67 3
77 110
78 110
66 3
65 3
79 110
80 110
81 110
64 3
82 110
63 3
83 110
84 110
62 3
61 3
60 3
59 3
85 110
86 110
87 110
88 110
89 110
58 3
90 110
57 3
56 3
55 3
91 110
92 110
93 110
54 3
53 3
94 110
52 3
95 110
77 0
96 110
97 110
51 3
50 3
49 3
48 3
98 110
99 110
100 110
101 110
102 110
103 110
47 3
46 3
104 110
105 110
106 110
107 110
108 110
45 3
109 110
110 110
110 109
44 3
43 3
110 108
125 108
110 107
110 106
110 105
110 104
110 103
110 102
42 3
110 101
110 100
41 3
125 107
40 3
110 99
110 98
110 97
110 96
39 3
38 3
110 95
110 94
110 93
110 92
110 91
110 90
110 89
110 88
125 106
110 87
37 3
110 86
36 3
35 3
34 3
110 85
110 84
110 83
110 82
110 81
110 80
110 79
110 78
110 77
33 3
32 3
31 3
110 76
110 75
30 3
110 74
110 73
110 72
125 105
29 3
110 71
110 70
28 3
110 69
110 68
27 3
110 67
26 3
110 66
110 65
25 3
24 3
110 64
110 63
110 62
110 61
110 60
23 3
22 3
110 59
21 3
20 3
110 58
125 104
110 57
110 56
19 3
18 3
17 3
110 55
125 103
125 102
110 54
110 53
110 52
110 51
110 50
110 49
110 48
16 3
110 47
15 3
110 46
14 3
110 45
110 44
13 3
125 101
12 3
110 43
110 42
110 41
110 40
110 39
11 3
110 38
110 37
110 36
10 3
9 3
8 3
110 35
7 3
110 34
110 33
6 3
110 32
110 31
110 30
5 3
110 29
110 28
110 27
110 26
110 25
4 3
3 3
110 24
2 3
110 23
110 22
2 4
110 21
110 20
110 19
125 100
110 18
2 5
110 17
110 16
110 15
109 15
125 99
108 15
2 6
107 15
2 7
106 15
105 15
125 98
104 15
2 8
103 15
2 9
2 10
2 11
102 15
2 12
125 97
101 15
100 15
2 13
99 15
98 15
97 15
2 14
96 15
95 15
94 15
2 15
93 15
92 15
91 15
90 15
2 16
89 15
88 15
87 15
86 15
85 15
2 17
84 15
2 18
83 15
82 15
81 15
2 19
80 15
2 20
2 21
79 15
78 15
77 15
2 22
76 15
75 15
74 15
73 15
72 15
71 15
70 15
69 15
2 23
125 96
68 15
67 15
66 15
65 15
64 15
63 15
62 15
61 15
60 15
76 0
2 24
59 15
58 15
57 15
125 95
2 25
56 15
2 26
55 15
75 0
125 94
54 15
2 27
53 15
2 28
52 15
2 29
51 15
50 15
49 15
48 15
47 15
2 30
2 31
46 15
125 93
45 15
44 15
43 15
2 32
42 15
41 15
40 15
2 33
125 92
39 15
38 15
125 91
37 15
36 15
35 15
34 15
33 15
32 15
31 15
30 15
2 34
29 15
2 35
28 15
27 15
26 15
25 15
24 15
23 15
22 15
2 36
21 15
20 15
19 15
18 15
17 15
16 15
15 15
14 15
2 37
2 38
14 16
14 17
2 39
14 18
14 19
14 20
14 21
14 22
14 23
14 24
14 25
14 26
14 27
14 28
2 40
2 41
14 29
14 30
74 0
14 31
14 32
14 33
14 34
14 35
14 36
125 90
14 37
2 42
2 43
14 38
2 44
14 39
14 40
2 45
14 41
14 42
14 43
2 46
14 44
14 45
14 46
2 47
73 0
2 48
14 47
14 48
14 49
2 49
14 50
14 51
2 50
2 51
14 52
2 52
14 53
14 54
14 55
14 56
14 57
14 58
14 59
2 53
14 60
14 61
14 62
14 63
2 54
14 64
14 65
14 66
2 55
2 56
14 67
14 68
14 69
14 70
14 71
2 57
2 58
14 72
14 73
14 74
2 59
14 75
14 76
2 60
14 77
14 78
14 79
14 80
14 81
14 82
2 61
2 62
2 63
14 83
14 84
2 64
14 85
14 86
2 65
14 87
14 88
14 89
125 89
2 66
14 90
14 91
14 92
14 93
14 94
14 95
14 96
14 97
14 98
14 99
14 100
14 101
2 67
14 102
14 103
14 104
14 105
14 106
14 107
2 68
14 108
2 69
14 109
2 70
2 71
14 110
2 72
2 73
14 111
15 111
16 111
17 111
2 74
18 111
19 111
2 75
20 111
21 111
22 111
23 111
2 76
24 111
2 77
25 111
2 78
26 111
2 79
27 111
28 111
29 111
2 80
2 81
125 88
30 111
31 111
32 111
33 111
34 111
35 111
2 82
36 111
37 111
38 111
39 111
2 83
40 111
2 84
41 111
42 111
43 111
44 111
45 111
2 85
46 111
2 86
47 111
48 111
49 111
50 111
51 111
52 111
125 87
125 86
53 111
54 111
125 85
55 111
2 87
2 88
56 111
57 111
58 111
2 89
59 111
60 111
2 90
61 111
62 111
63 111
64 111
65 111
2 91
66 111
67 111
68 111
2 92
125 84
2 93
2 94
69 111
70 111
2 95
71 111
72 111
73 111
74 111
75 111
76 111
77 111
78 111
79 111
80 111
81 111
82 111
83 111
2 96
84 111
85 111
86 111
87 111
88 111
89 111
90 111
91 111
2 97
92 111
2 98
93 111
94 111
95 111
125 83
96 111
97 111
98 111
2 99
2 100
99 111
2 101
2 102
100 111
101 111
2 103
102 111
103 111
2 104
104 111
105 111
2 105
106 111
107 111
108 111
125 82
109 111
110 111
111 111
111 110
111 109
111 108
111 107
111 106
111 105
111 104
111 103
111 102
111 101
2 106
111 100
2 107
111 99
111 98
111 97
111 96
111 95
111 94
111 93
111 92
2 108
111 91
2 109
111 90
111 89
111 88
111 87
2 110
2 111
2 112
111 86
111 85
2 113
111 84
111 83
111 82
111 81
111 80
125 81
111 79
2 114
2 115
2 116
111 78
111 77
2 117
111 76
2 118
111 75
111 74
2 119
111 73
111 72
111 71
111 70
2 120
125 80
2 121
2 122
2 123
3 123
125 79
111 69
111 68
111 67
4 123
5 123
6 123
7 123
111 66
111 65
111 64
111 63
125 78
111 62
8 123
9 123
111 61
111 60
10 123
111 59
11 123
111 58
111 57
111 56
111 55
12 123
111 54
111 53
13 123
14 123
111 52
15 123
111 51
111 50
16 123
111 49
111 48
111 47
17 123
111 46
111 45
111 44
111 43
18 123
111 42
19 123
111 41
111 40
20 123
111 39
111 38
21 123
111 37
22 123
111 36
111 35
111 34
111 33
111 32
23 123
24 123
111 31
111 30
125 77
111 29
111 28
25 123
111 27
111 26
26 123
111 25
111 24
27 123
111 23
125 76
111 22
111 21
28 123
111 20
111 19
111 18
29 123
30 123
111 17
111 16
111 15
125 75
31 123
111 14
110 14
32 123
33 123
109 14
125 74
34 123
125 73
108 14
35 123
107 14
36 123
37 123
106 14
38 123
125 72
105 14
39 123
104 14
103 14
102 14
40 123
101 14
100 14
41 123
42 123
99 14
98 14
43 123
97 14
96 14
95 14
94 14
93 14
92 14
91 14
90 14
44 123
45 123
46 123
89 14
47 123
88 14
87 14
86 14
85 14
84 14
83 14
82 14
81 14
80 14
48 123
79 14
78 14
49 123
77 14
50 123
76 14
51 123
52 123
53 123
75 14
74 14
125 71
73 14
72 14
71 14
54 123
55 123
70 14
69 14
68 14
67 14
66 14
56 123
65 14
64 14
57 123
63 14
62 14
61 14
60 14
58 123
59 14
58 14
57 14
56 14
55 14
54 14
59 123
53 14
60 123
52 14
51 14
61 123
50 14
49 14
48 14
47 14
46 14
45 14
62 123
44 14
43 14
42 14
41 14
63 123
40 14
39 14
38 14
37 14
36 14
35 14
34 14
33 14
64 123
65 123
66 123
32 14
31 14
30 14
67 123
29 14
28 14
68 123
27 14
26 14
69 123
70 123
25 14
24 14
71 123
23 14
22 14
21 14
20 14
19 14
72 123
73 123
18 14
17 14
16 14
15 14
14 14
13 14
13 15
13 16
13 17
13 18
74 123
13 19
75 123
125 70
13 20
13 21
13 22
13 23
13 24
13 25
76 123
77 123
13 26
13 27
78 123
13 28
13 29
13 30
13 31
13 32
13 33
13 34
13 35
13 36
13 37
79 123
80 123
13 38
81 123
13 39
13 40
13 41
13 42
13 43
13 44
82 123
13 45
83 123
84 123
72 0
13 46
13 47
125 69
85 123
13 48
13 49
13 50
86 123
13 51
87 123
13 52
88 123
13 53
13 54
13 55
13 56
125 68
13 57
13 58
89 123
13 59
13 60
13 61
13 62
13 63
13 64
90 123
13 65
13 66
91 123
13 67
92 123
93 123
13 68
13 69
13 70
13 71
13 72
94 123
13 73
95 123
96 123
97 123
125 67
13 74
13 75
98 123
99 123
100 123
125 66
101 123
13 76
13 77
13 78
13 79
13 80
13 81
13 82
13 83
13 84
102 123
13 85
13 86
13 87
13 88
13 89
103 123
13 90
104 123
13 91
13 92
105 123
125 65
13 93
13 94
13 95
13 96
106 123
13 97
13 98
13 99
13 100
13 101
13 102
125 64
107 123
13 103
13 104
13 105
13 106
13 107
13 108
108 123
13 109
13 110
13 111
13 112
14 112
15 112
109 123
16 112
110 123
111 123
17 112
18 112
19 112
112 123
20 112
21 112
22 112
23 112
24 112
25 112
26 112
113 123
125 63
114 123
27 112
28 112
29 112
115 123
30 112
116 123
117 123
118 123
31 112
32 112
119 123
33 112
34 112
35 112
120 123
121 123
36 112
37 112
122 123
38 112
39 112
123 123
40 112
123 122
123 121
41 112
42 112
43 112
44 112
45 112
71 0
123 120
46 112
47 112
48 112
49 112
50 112
123 119
51 112
52 112
53 112
123 118
123 117
123 116
54 112
123 115
123 114
123 113
123 112
55 112
56 112
57 112
58 112
59 112
60 112
123 111
61 112
62 112
123 110
63 112
123 109
64 112
123 108
65 112
123 107
123 106
66 112
67 112
123 105
68 112
123 104
123 103
69 112
123 102
123 101
70 112
71 112
72 112
73 112
123 100
123 99
74 112
75 112
123 98
123 97
123 96
123 95
76 112
77 112
78 112
123 94
79 112
123 93
80 112
81 112
82 112
83 112
123 92
84 112
123 91
85 112
123 90
86 112
123 89
87 112
123 88
88 112
89 112
90 112
91 112
92 112
123 87
93 112
94 112
95 112
96 112
123 86
97 112
98 112
123 85
99 112
100 112
101 112
102 112
103 112
104 112
105 112
123 84
106 112
107 112
108 112
109 112
123 83
123 82
125 62
123 81
110 112
125 61
111 112
112 112
112 111
112 110
112 109
123 80
123 79
123 78
112 108
112 107
123 77
123 76
125 60
123 75
112 106
125 59
123 74
112 105
112 104
123 73
112 103
123 72
112 102
112 101
112 100
123 71
112 99
125 58
112 98
112 97
70 0
112 96
112 95
123 70
123 69
112 94
112 93
112 92
112 91
112 90
112 89
112 88
123 68
112 87
112 86
123 67
112 85
112 84
112 83
123 66
112 82
125 57
112 81
112 80
123 65
112 79
112 78
112 77
112 76
123 64
112 75
112 74
112 73
123 63
112 72
112 71
112 70
112 69
112 68
112 67
112 66
112 65
123 62
112 64
112 63
112 62
123 61
123 60
112 61
123 59
123 58
112 60
112 59
123 57
112 58
112 57
112 56
112 55
125 56
123 56
123 55
112 54
112 53
112 52
123 54
112 51
112 50
123 53
125 55
112 49
112 48
112 47
112 46
112 45
112 44
123 52
123 51
123 50
112 43
112 42
112 41
125 54
123 49
123 48
112 40
123 47
112 39
112 38
112 37
112 36
112 35
123 46
112 34
112 33
123 45
112 32
112 31
112 30
112 29
123 44
123 43
123 42
123 41
123 40
112 28
112 27
125 53
123 39
112 26
123 38
125 52
112 25
123 37
123 36
112 24
112 23
112 22
123 35
112 21
123 34
112 20
123 33
112 19
112 18
112 17
123 32
123 31
112 16
123 30
112 15
112 14
123 29
112 13
111 13
110 13
109 13
108 13
107 13
106 13
105 13
104 13
123 28
103 13
123 27
102 13
101 13
100 13
123 26
123 25
123 24
123 23
99 13
98 13
123 22
123 21
97 13
96 13
95 13
94 13
123 20
125 51
123 19
93 13
92 13
91 13
90 13
89 13
88 13
87 13
123 18
86 13
85 13
123 17
84 13
123 16
83 13
82 13
81 13
125 50
123 15
80 13
79 13
123 14
125 49
123 13
78 13
123 12
77 13
123 11
76 13
75 13
74 13
73 13
72 13
71 13
123 10
70 13
123 9
69 13
68 13
67 13
66 13
65 13
123 8
64 13
63 13
123 7
123 6
123 5
62 13
123 4
61 13
123 3
60 13
59 13
58 13
123 2
57 13
122 2
121 2
120 2
119 2
56 13
55 13
54 13
53 13
52 13
51 13
50 13
49 13
48 13
47 13
46 13
45 13
118 2
117 2
44 13
43 13
42 13
41 13
40 13
39 13
38 13
37 13
36 13
35 13
34 13
116 2
33 13
32 13
31 13
30 13
29 13
28 13
27 13
26 13
115 2
25 13
114 2
24 13
23 13
22 13
21 13
20 13
113 2
112 2
19 13
18 13
111 2
125 48
17 13
16 13
15 13
14 13
13 13
110 2
12 13
12 14
109 2
12 15
12 16
12 17
12 18
12 19
12 20
108 2
12 21
125 47
107 2
12 22
106 2
125 46
12 23
12 24
105 2
104 2
103 2
12 25
12 26
102 2
101 2
12 27
12 28
12 29
12 30
100 2
99 2
125 45
12 31
12 32
12 33
12 34
12 35
12 36
12 37
98 2
12 38
12 39
12 40
12 41
12 42
97 2
12 43
12 44
12 45
125 44
12 46
96 2
12 47
95 2
12 48
12 49
94 2
12 50
12 51
12 52
12 53
93 2
12 54
12 55
12 56
12 57
125 43
92 2
12 58
12 59
12 60
12 61
12 62
12 63
12 64
91 2
90 2
12 65
12 66
12 67
12 68
12 69
12 70
12 71
12 72
89 2
12 73
12 74
12 75
12 76
12 77
88 2
12 78
12 79
87 2
12 80
12 81
12 82
12 83
12 84
12 85
12 86
86 2
85 2
12 87
12 88
12 89
84 2
83 2
12 90
82 2
12 91
12 92
12 93
81 2
12 94
12 95
12 96
12 97
125 42
12 98
12 99
12 100
80 2
79 2
12 101
12 102
12 103
78 2
77 2
125 41
125 40
12 104
76 2
75 2
74 2
125 39
125 38
12 105
12 106
73 2
12 107
12 108
12 109
12 110
12 111
12 112
12 113
13 113
14 113
72 2
15 113
16 113
71 2
70 2
69 2
68 2
125 37
67 2
17 113
18 113
19 113
20 113
21 113
22 113
66 2
65 2
23 113
24 113
25 113
26 113
64 2
27 113
125 36
28 113
29 113
30 113
63 2
62 2
31 113
32 113
33 113
34 113
35 113
36 113
37 113
38 113
39 113
61 2
40 113
60 2
59 2
41 113
58 2
42 113
43 113
57 2
56 2
55 2
54 2
53 2
44 113
45 113
46 113
47 113
125 35
52 2
48 113
49 113
50 113
51 2
51 113
52 113
53 113
54 113
50 2
49 2
48 2
55 113
56 113
47 2
57 113
46 2
45 2
44 2
43 2
58 113
59 113
60 113
61 113
42 2
62 113
41 2
63 113
40 2
64 113
65 113
39 2
38 2
66 113
67 113
68 113
69 113
70 113
71 113
72 113
37 2
36 2
73 113
35 2
34 2
74 113
75 113
33 2
32 2
31 2
76 113
77 113
78 113
30 2
79 113
80 113
125 34
29 2
81 113
28 2
82 113
83 113
125 33
84 113
85 113
27 2
86 113
87 113
26 2
88 113
89 113
90 113
91 113
92 113
25 2
93 113
94 113
24 2
23 2
95 113
96 113
97 113
22 2
21 2
98 113
125 32
99 113
20 2
100 113
101 113
102 113
19 2
103 113
104 113
105 113
106 113
107 113
108 113
109 113
110 113
18 2
111 113
112 113
113 113
113 112
17 2
113 111
113 110
16 2
113 109
113 108
113 107
113 106
15 2
113 105
113 104
14 2
13 2
113 103
12 2
11 2
10 2
113 102
113 101
113 100
113 99
113 98
9 2
113 97
125 31
113 96
113 95
113 94
125 30
8 2
113 93
113 92
113 91
113 90
113 89
7 2
113 88
6 2
113 87
113 86
113 85
113 84
113 83
113 82
5 2
113 81
113 80
113 79
113 78
113 77
113 76
4 2
113 75
113 74
113 73
113 72
125 29
125 28
113 71
113 70
113 69
113 68
113 67
113 66
113 65
113 64
113 63
3 2
125 27
113 62
113 61
2 2
113 60
1 2
113 59
113 58
1 3
1 4
1 5
113 57
113 56
113 55
1 6
113 54
113 53
113 52
125 26
113 51
113 50
113 49
1 7
113 48
113 47
113 46
113 45
1 8
113 44
113 43
125 25
113 42
1 9
113 41
1 10
113 40
113 39
113 38
1 11
1 12
113 37
125 24
1 13
113 36
125 23
113 35
113 34
113 33
113 32
113 31
113 30
1 14
1 15
1 16
125 22
113 29
113 28
1 17
113 27
113 26
1 18
113 25
113 24
113 23
113 22
1 19
113 21
113 20
1 20
113 19
113 18
1 21
113 17
113 16
113 15
113 14
113 13
113 12
1 22
112 12
1 23
111 12
1 24
110 12
1 25
109 12
108 12
107 12
106 12
1 26
105 12
104 12
125 21
103 12
102 12
101 12
100 12
99 12
98 12
97 12
96 12
95 12
1 27
94 12
93 12
92 12
91 12
1 28
90 12
89 12
88 12
87 12
86 12
85 12
84 12
1 29
83 12
82 12
81 12
1 30
80 12
1 31
1 32
79 12
1 33
78 12
77 12
76 12
75 12
74 12
73 12
1 34
1 35
72 12
71 12
1 36
1 37
1 38
70 12
69 12
68 12
67 12
66 12
1 39
65 12
64 12
1 40
1 41
63 12
62 12
61 12
60 12
59 12
58 12
57 12
56 12
55 12
1 42
54 12
53 12
1 43
1 44
1 45
1 46
1 47
1 48
1 49
1 50
1 51
52 12
51 12
50 12
49 12
48 12
1 52
1 53
47 12
46 12
45 12
44 12
43 12
42 12
1 54
41 12
40 12
1 55
125 20
39 12
38 12
1 56
37 12
36 12
35 12
34 12
33 12
32 12
125 19
31 12
1 57
30 12
1 58
29 12
1 59
1 60
1 61
28 12
27 12
26 12
25 12
1 62
1 63
24 12
23 12
22 12
1 64
21 12
20 12
1 65
19 12
18 12
17 12
1 66
16 12
15 12
1 67
14 12
13 12
12 12
11 12
1 68
11 13
11 14
11 15
1 69
1 70
125 18
11 16
1 71
1 72
1 73
11 17
125 17
11 18
1 74
11 19
1 75
11 20
11 21
11 22
1 76
11 23
11 24
11 25
11 26
11 27
1 77
1 78
11 28
1 79
11 29
11 30
11 31
11 32
11 33
1 80
1 81
11 34
11 35
1 82
1 83
11 36
125 16
11 37
11 38
11 39
11 40
11 41
1 84
11 42
1 85
125 15
11 43
1 86
11 44
11 45
11 46
11 47
1 87
1 88
11 48
11 49
11 50
11 51
1 89
11 52
11 53
1 90
11 54
1 91
125 14
11 55
125 13
11 56
11 57
11 58
1 92
11 59
1 93
125 12
125 11
11 60
11 61
11 62
1 94
11 63
1 95
11 64
1 96
11 65
11 66
11 67
11 68
11 69
11 70
11 71
1 97
11 72
1 98
11 73
11 74
11 75
11 76
11 77
11 78
11 79
1 99
11 80
1 100
11 81
11 82
1 101
1 102
125 10
11 83
1 103
11 84
11 85
11 86
11 87
11 88
1 104
11 89
11 90
1 105
1 106
11 91
11 92
11 93
1 107
1 108
1 109
11 94
11 95
1 110
11 96
125 9
11 97
11 98
11 99
11 100
