31 32
43 6
32 32
32 31
31 31
30 31
30 32
30 33
31 33
42 6
32 33
33 33
16 1
33 32
33 31
33 30
15 1
32 30
31 30
30 30
29 30
29 31
29 32
41 6
29 33
14 1
29 34
30 34
40 6
13 1
39 6
38 6
37 6
31 34
36 6
32 34
33 34
35 6
34 34
34 33
34 32
34 6
34 31
34 30
34 29
33 29
12 1
32 29
31 29
30 29
29 29
33 6
32 6
31 6
28 29
28 30
30 6
11 1
28 31
28 32
28 33
28 34
28 35
29 6
28 6
29 35
27 6
30 35
31 35
26 6
32 35
33 35
25 6
34 35
10 1
24 6
35 35
35 34
35 33
23 6
35 32
35 31
35 30
35 29
35 28
22 6
34 28
21 6
33 28
32 28
20 6
31 28
19 6
18 6
30 28
29 28
17 6
9 1
28 28
27 28
16 6
27 29
27 30
27 31
27 32
27 33
27 34
8 1
27 35
15 6
27 36
28 36
29 36
30 36
14 6
13 6
31 36
32 36
12 6
33 36
11 6
34 36
7 1
35 36
36 36
36 35
10 6
36 34
36 33
9 6
8 6
7 6
36 32
36 31
6 6
36 30
36 29
5 6
36 28
36 27
35 27
34 27
5 7
5 8
33 27
32 27
31 27
5 9
5 10
30 27
29 27
28 27
27 27
26 27
26 28
26 29
26 30
26 31
26 32
26 33
26 34
26 35
6 1
26 36
26 37
27 37
28 37
29 37
5 11
30 37
31 37
32 37
33 37
5 12
34 37
35 37
36 37
37 37
5 13
37 36
37 35
5 1
5 14
37 34
37 33
5 15
5 16
37 32
5 17
5 18
37 31
37 30
37 29
37 28
37 27
37 26
36 26
35 26
34 26
33 26
32 26
5 19
4 1
5 20
5 21
31 26
30 26
29 26
28 26
27 26
26 26
25 26
5 22
25 27
25 28
25 29
25 30
5 23
25 31
25 32
5 24
3 1
25 33
5 25
25 34
25 35
5 26
25 36
25 37
5 27
25 38
26 38
5 28
27 38
28 38
29 38
30 38
31 38
5 29
32 38
5 30
5 31
2 1
5 32
33 38
34 38
35 38
5 33
36 38
5 34
5 35
63 24
1 1
37 38
38 38
5 36
38 37
5 37
38 36
38 35
5 38
38 34
38 33
5 39
38 32
5 40
5 41
5 42
38 31
5 43
38 30
0 1
38 29
38 28
38 27
38 26
38 25
5 44
37 25
36 25
35 25
34 25
33 25
32 25
31 25
5 45
5 46
30 25
5 47
5 48
0 2
29 25
28 25
27 25
26 25
25 25
24 25
24 26
24 27
24 28
24 29
24 30
24 31
24 32
5 49
5 50
24 33
24 34
0 3
24 35
24 36
5 51
24 37
5 52
5 53
5 54
24 38
5 55
5 56
24 39
25 39
26 39
5 57
27 39
28 39
29 39
5 58
30 39
6 58
7 58
0 4
31 39
32 39
8 58
33 39
9 58
34 39
35 39
36 39
37 39
38 39
10 58
39 39
39 38
39 37
0 5
11 58
39 36
0 6
12 58
39 35
39 34
13 58
39 33
0 7
39 32
0 8
39 31
39 30
14 58
39 29
39 28
15 58
39 27
0 9
39 26
0 10
39 25
39 24
38 24
37 24
0 11
36 24
35 24
34 24
33 24
16 58
32 24
31 24
30 24
17 58
29 24
0 12
28 24
27 24
26 24
25 24
24 24
18 58
23 24
23 25
23 26
23 27
19 58
20 58
23 28
23 29
23 30
21 58
23 31
23 32
22 58
23 33
23 34
23 58
24 58
23 35
23 36
23 37
23 38
23 39
0 13
23 40
24 40
25 40
26 40
27 40
28 40
29 40
25 58
26 58
30 40
31 40
32 40
33 40
34 40
27 58
35 40
36 40
37 40
28 58
38 40
39 40
40 40
40 39
40 38
40 37
40 36
40 35
0 14
29 58
40 34
0 15
40 33
40 32
40 31
40 30
30 58
40 29
40 28
40 27
40 26
40 25
40 24
40 23
31 58
39 23
32 58
38 23
33 58
37 23
36 23
34 58
35 23
34 23
35 58
33 23
32 23
31 23
36 58
30 23
37 58
38 58
29 23
28 23
27 23
39 58
40 58
41 58
26 23
42 58
25 23
24 23
0 16
23 23
22 23
22 24
22 25
0 17
22 26
22 27
22 28
22 29
22 30
43 58
44 58
45 58
0 18
22 31
22 32
22 33
22 34
22 35
22 36
22 37
0 19
22 38
22 39
22 40
22 41
46 58
23 41
47 58
24 41
0 20
25 41
26 41
27 41
48 58
49 58
50 58
28 41
29 41
30 41
31 41
32 41
33 41
34 41
51 58
35 41
36 41
52 58
37 41
38 41
39 41
53 58
40 41
54 58
41 41
41 40
41 39
55 58
56 58
41 38
41 37
0 21
41 36
57 58
58 58
41 35
58 57
58 56
41 34
41 33
0 22
41 32
41 31
0 23
41 30
41 29
41 28
58 55
41 27
41 26
41 25
41 24
58 54
41 23
0 24
41 22
40 22
0 25
39 22
58 53
38 22
37 22
36 22
58 52
35 22
34 22
58 51
58 50
33 22
32 22
31 22
58 49
30 22
29 22
58 48
28 22
58 47
27 22
26 22
25 22
24 22
23 22
22 22
21 22
58 46
21 23
58 45
21 24
21 25
21 26
21 27
21 28
21 29
21 30
21 31
21 32
21 33
21 34
21 35
21 36
58 44
58 43
0 26
21 37
21 38
21 39
21 40
21 41
21 42
22 42
23 42
24 42
25 42
58 42
26 42
27 42
28 42
29 42
58 41
30 42
31 42
58 40
32 42
58 39
33 42
58 38
34 42
35 42
58 37
36 42
37 42
0 27
38 42
58 36
39 42
58 35
58 34
58 33
58 32
40 42
41 42
42 42
42 41
42 40
42 39
58 31
42 38
42 37
42 36
42 35
42 34
42 33
42 32
42 31
42 30
42 29
42 28
42 27
58 30
42 26
58 29
42 25
42 24
42 23
58 28
42 22
42 21
41 21
58 27
40 21
58 26
58 25
39 21
58 24
38 21
37 21
36 21
35 21
34 21
58 23
33 21
58 22
32 21
58 21
58 20
58 19
31 21
30 21
29 21
58 18
28 21
58 17
27 21
58 16
58 15
26 21
25 21
58 14
24 21
58 13
0 28
58 12
23 21
58 11
22 21
21 21
58 10
20 21
20 22
58 9
20 23
0 29
58 8
20 24
20 25
20 26
58 7
20 27
20 28
20 29
20 30
20 31
58 6
20 32
20 33
20 34
58 5
57 5
56 5
55 5
0 30
20 35
54 5
0 31
20 36
0 32
20 37
20 38
20 39
20 40
20 41
53 5
20 42
20 43
21 43
22 43
23 43
24 43
52 5
25 43
51 5
26 43
27 43
50 5
28 43
29 43
0 33
49 5
48 5
30 43
47 5
31 43
32 43
33 43
34 43
35 43
36 43
46 5
45 5
37 43
38 43
39 43
40 43
41 43
42 43
44 5
43 5
43 43
43 42
42 5
43 41
0 34
43 40
43 39
41 5
40 5
43 38
43 37
43 36
43 35
39 5
43 34
38 5
43 33
43 32
43 31
43 30
37 5
43 29
43 28
43 27
36 5
43 26
43 25
43 24
43 23
0 35
35 5
43 22
43 21
43 20
34 5
33 5
42 20
32 5
31 5
30 5
29 5
28 5
27 5
41 20
40 20
26 5
0 36
39 20
38 20
37 20
36 20
25 5
24 5
23 5
35 20
34 20
63 23
33 20
32 20
22 5
31 20
30 20
21 5
29 20
28 20
20 5
27 20
19 5
18 5
17 5
26 20
25 20
24 20
23 20
22 20
16 5
15 5
14 5
21 20
13 5
20 20
19 20
19 21
12 5
19 22
19 23
19 24
19 25
19 26
19 27
11 5
19 28
10 5
19 29
9 5
19 30
19 31
19 32
19 33
19 34
8 5
7 5
19 35
19 36
6 5
19 37
19 38
19 39
19 40
19 41
19 42
19 43
19 44
5 5
20 44
21 44
22 44
23 44
4 5
4 6
24 44
25 44
26 44
27 44
28 44
29 44
30 44
0 37
31 44
32 44
33 44
4 7
34 44
35 44
36 44
37 44
38 44
39 44
4 8
40 44
41 44
42 44
4 9
4 10
43 44
44 44
44 43
44 42
44 41
44 40
4 11
44 39
44 38
44 37
4 12
44 36
44 35
4 13
44 34
44 33
44 32
44 31
44 30
44 29
44 28
4 14
4 15
44 27
4 16
4 17
44 26
44 25
44 24
4 18
44 23
44 22
44 21
44 20
44 19
43 19
42 19
0 38
41 19
40 19
4 19
39 19
4 20
38 19
37 19
4 21
0 39
36 19
35 19
34 19
33 19
32 19
4 22
31 19
0 40
4 23
30 19
4 24
29 19
28 19
27 19
26 19
25 19
24 19
23 19
4 25
22 19
21 19
4 26
4 27
4 28
20 19
19 19
18 19
4 29
4 30
4 31
18 20
18 21
0 41
18 22
18 23
18 24
4 32
18 25
18 26
18 27
4 33
18 28
18 29
18 30
4 34
18 31
18 32
4 35
18 33
18 34
18 35
18 36
18 37
4 36
18 38
18 39
18 40
18 41
4 37
18 42
4 38
4 39
18 43
18 44
18 45
19 45
20 45
4 40
21 45
4 41
22 45
23 45
4 42
24 45
25 45
26 45
27 45
4 43
28 45
29 45
30 45
0 42
63 22
31 45
32 45
33 45
0 43
34 45
35 45
36 45
4 44
4 45
37 45
38 45
39 45
40 45
41 45
42 45
4 46
43 45
44 45
45 45
45 44
45 43
45 42
4 47
0 44
45 41
45 40
4 48
45 39
45 38
45 37
45 36
4 49
45 35
45 34
45 33
45 32
4 50
45 31
4 51
45 30
45 29
45 28
4 52
4 53
45 27
45 26
4 54
45 25
45 24
45 23
45 22
45 21
0 45
4 55
45 20
45 19
4 56
45 18
44 18
43 18
42 18
4 57
4 58
41 18
4 59
40 18
39 18
5 59
6 59
7 59
38 18
8 59
37 18
36 18
35 18
9 59
34 18
33 18
32 18
31 18
30 18
29 18
28 18
0 46
10 59
11 59
27 18
26 18
25 18
24 18
23 18
12 59
22 18
21 18
20 18
19 18
18 18
17 18
17 19
17 20
0 47
13 59
17 21
14 59
15 59
16 59
0 48
17 59
18 59
19 59
17 22
17 23
17 24
20 59
17 25
17 26
17 27
21 59
22 59
23 59
24 59
17 28
17 29
17 30
25 59
26 59
0 49
17 31
27 59
28 59
29 59
30 59
17 32
17 33
17 34
31 59
32 59
17 35
17 36
17 37
17 38
17 39
17 40
17 41
33 59
17 42
34 59
17 43
17 44
35 59
17 45
17 46
36 59
37 59
18 46
0 50
38 59
19 46
39 59
40 59
20 46
41 59
21 46
42 59
22 46
43 59
44 59
23 46
45 59
24 46
46 59
25 46
47 59
26 46
27 46
28 46
29 46
30 46
48 59
49 59
50 59
31 46
32 46
33 46
34 46
51 59
35 46
36 46
37 46
38 46
52 59
53 59
39 46
40 46
41 46
42 46
43 46
44 46
45 46
46 46
54 59
55 59
56 59
46 45
46 44
46 43
46 42
46 41
46 40
0 51
57 59
46 39
46 38
46 37
58 59
46 36
46 35
46 34
46 33
46 32
46 31
46 30
59 59
0 52
46 29
46 28
46 27
59 58
46 26
59 57
59 56
46 25
46 24
46 23
59 55
46 22
46 21
59 54
46 20
46 19
46 18
46 17
59 53
45 17
44 17
59 52
43 17
59 51
42 17
59 50
41 17
59 49
59 48
40 17
39 17
59 47
0 53
38 17
37 17
36 17
35 17
59 46
59 45
0 54
34 17
33 17
32 17
31 17
30 17
29 17
28 17
27 17
26 17
25 17
0 55
24 17
23 17
22 17
59 44
21 17
20 17
0 56
19 17
18 17
59 43
17 17
16 17
16 18
16 19
16 20
59 42
59 41
59 40
16 21
59 39
16 22
16 23
59 38
16 24
59 37
16 25
16 26
59 36
59 35
16 27
16 28
16 29
16 30
59 34
16 31
16 32
16 33
16 34
59 33
59 32
16 35
59 31
16 36
16 37
59 30
59 29
16 38
16 39
0 57
59 28
16 40
59 27
16 41
16 42
16 43
16 44
16 45
16 46
16 47
17 47
18 47
19 47
20 47
21 47
59 26
59 25
22 47
23 47
24 47
25 47
26 47
0 58
27 47
59 24
28 47
29 47
30 47
31 47
32 47
33 47
34 47
59 23
35 47
59 22
59 21
59 20
36 47
37 47
38 47
39 47
40 47
41 47
42 47
59 19
43 47
44 47
45 47
46 47
47 47
59 18
47 46
59 17
47 45
59 16
59 15
47 44
47 43
59 14
47 42
47 41
59 13
47 40
0 59
47 39
47 38
47 37
47 36
0 60
59 12
59 11
47 35
59 10
47 34
47 33
47 32
47 31
47 30
47 29
47 28
47 27
47 26
47 25
47 24
59 9
47 23
47 22
47 21
47 20
47 19
47 18
47 17
47 16
46 16
59 8
59 7
45 16
44 16
43 16
42 16
59 6
41 16
40 16
39 16
59 5
59 4
58 4
38 16
57 4
37 16
36 16
56 4
35 16
34 16
55 4
33 16
32 16
31 16
30 16
29 16
54 4
28 16
53 4
27 16
26 16
25 16
52 4
24 16
23 16
22 16
51 4
21 16
20 16
19 16
18 16
17 16
0 61
16 16
15 16
15 17
50 4
15 18
49 4
15 19
15 20
0 62
15 21
48 4
15 22
15 23
15 24
15 25
15 26
47 4
15 27
46 4
15 28
15 29
15 30
15 31
15 32
45 4
44 4
15 33
15 34
43 4
15 35
15 36
42 4
15 37
15 38
41 4
15 39
15 40
15 41
40 4
39 4
15 42
15 43
15 44
15 45
38 4
15 46
37 4
36 4
15 47
35 4
34 4
15 48
16 48
17 48
18 48
19 48
0 63
20 48
21 48
33 4
22 48
23 48
24 48
25 48
32 4
31 4
1 63
2 63
26 48
27 48
28 48
29 48
30 48
30 4
31 48
32 48
29 4
33 48
28 4
34 48
35 48
36 48
37 48
38 48
27 4
39 48
40 48
41 48
42 48
43 48
44 48
45 48
46 48
47 48
48 48
26 4
48 47
3 63
25 4
24 4
23 4
48 46
22 4
48 45
48 44
21 4
48 43
48 42
4 63
48 41
48 40
48 39
48 38
48 37
48 36
48 35
48 34
48 33
48 32
48 31
48 30
48 29
48 28
20 4
48 27
19 4
18 4
48 26
48 25
17 4
48 24
16 4
48 23
48 22
15 4
14 4
48 21
48 20
13 4
12 4
48 19
11 4
48 18
10 4
48 17
9 4
48 16
48 15
47 15
46 15
8 4
45 15
44 15
7 4
43 15
42 15
41 15
6 4
5 4
4 4
40 15
3 4
39 15
3 5
38 15
3 6
3 7
3 8
37 15
36 15
35 15
34 15
3 9
3 10
33 15
32 15
31 15
5 63
30 15
3 11
29 15
28 15
3 12
27 15
26 15
25 15
24 15
3 13
23 15
6 63
3 14
22 15
3 15
3 16
3 17
21 15
20 15
19 15
3 18
18 15
17 15
16 15
3 19
7 63
3 20
15 15
14 15
3 21
14 16
14 17
14 18
3 22
3 23
3 24
14 19
14 20
14 21
3 25
14 22
3 26
14 23
14 24
3 27
3 28
14 25
14 26
14 27
14 28
14 29
14 30
3 29
3 30
3 31
14 31
14 32
8 63
3 32
3 33
3 34
14 33
3 35
14 34
3 36
14 35
9 63
14 36
14 37
3 37
3 38
14 38
3 39
14 39
14 40
3 40
3 41
14 41
14 42
3 42
14 43
3 43
3 44
14 44
14 45
3 45
14 46
14 47
10 63
14 48
14 49
3 46
3 47
3 48
11 63
3 49
3 50
3 51
3 52
15 49
16 49
17 49
18 49
3 53
19 49
20 49
3 54
21 49
22 49
23 49
24 49
25 49
3 55
26 49
27 49
3 56
28 49
29 49
30 49
3 57
3 58
31 49
32 49
33 49
3 59
34 49
35 49
36 49
37 49
38 49
3 60
39 49
40 49
41 49
42 49
43 49
4 60
12 63
44 49
5 60
45 49
46 49
47 49
48 49
6 60
49 49
49 48
49 47
7 60
49 46
49 45
49 44
49 43
49 42
49 41
49 40
8 60
49 39
49 38
49 37
9 60
10 60
49 36
49 35
49 34
49 33
49 32
11 60
12 60
49 31
49 30
13 60
49 29
49 28
49 27
49 26
14 60
49 25
15 60
49 24
49 23
49 22
16 60
49 21
17 60
49 20
49 19
18 60
49 18
49 17
49 16
19 60
49 15
20 60
49 14
21 60
48 14
47 14
46 14
45 14
13 63
14 63
44 14
22 60
23 60
43 14
42 14
24 60
41 14
40 14
25 60
39 14
38 14
37 14
36 14
35 14
34 14
33 14
32 14
31 14
30 14
15 63
29 14
28 14
26 60
27 60
28 60
27 14
29 60
30 60
26 14
25 14
31 60
32 60
33 60
24 14
34 60
35 60
36 60
23 14
37 60
22 14
21 14
38 60
20 14
19 14
18 14
17 14
16 14
39 60
40 60
15 14
14 14
41 60
13 14
13 15
13 16
42 60
13 17
13 18
13 19
43 60
44 60
45 60
13 20
13 21
46 60
13 22
13 23
13 24
13 25
13 26
13 27
16 63
13 28
47 60
13 29
48 60
13 30
13 31
17 63
49 60
18 63
19 63
50 60
51 60
52 60
13 32
13 33
13 34
13 35
13 36
13 37
13 38
13 39
13 40
53 60
54 60
13 41
13 42
55 60
13 43
13 44
56 60
13 45
57 60
13 46
58 60
13 47
13 48
13 49
59 60
60 60
60 59
20 63
13 50
60 58
14 50
15 50
16 50
60 57
17 50
60 56
18 50
19 50
60 55
20 50
21 50
22 50
60 54
23 50
60 53
24 50
60 52
60 51
25 50
21 63
26 50
60 50
27 50
28 50
60 49
60 48
29 50
22 63
30 50
31 50
32 50
33 50
60 47
34 50
35 50
60 46
60 45
36 50
60 44
37 50
23 63
24 63
60 43
38 50
39 50
40 50
41 50
42 50
43 50
44 50
60 42
60 41
45 50
46 50
47 50
60 40
48 50
49 50
50 50
60 39
50 49
50 48
50 47
50 46
50 45
50 44
50 43
50 42
50 41
60 38
60 37
60 36
50 40
50 39
50 38
50 37
50 36
50 35
50 34
50 33
50 32
50 31
50 30
50 29
50 28
50 27
50 26
60 35
60 34
50 25
60 33
60 32
50 24
60 31
50 23
50 22
50 21
50 20
50 19
50 18
25 63
50 17
50 16
50 15
60 30
50 14
50 13
49 13
60 29
48 13
60 28
47 13
46 13
45 13
60 27
60 26
60 25
44 13
60 24
43 13
42 13
60 23
60 22
41 13
40 13
60 21
39 13
38 13
37 13
36 13
35 13
60 20
34 13
60 19
60 18
33 13
32 13
31 13
60 17
30 13
29 13
26 63
28 13
27 13
26 13
60 16
25 13
60 15
24 13
23 13
60 14
22 13
60 13
21 13
20 13
60 12
19 13
60 11
18 13
17 13
60 10
60 9
60 8
16 13
60 7
15 13
60 6
14 13
13 13
12 13
12 14
60 5
60 4
12 15
12 16
12 17
60 3
12 18
59 3
12 19
12 20
12 21
12 22
58 3
57 3
56 3
12 23
12 24
55 3
54 3
12 25
12 26
12 27
12 28
12 29
12 30
12 31
12 32
12 33
53 3
12 34
12 35
12 36
12 37
12 38
12 39
12 40
12 41
12 42
52 3
12 43
12 44
12 45
12 46
12 47
12 48
12 49
51 3
27 63
50 3
12 50
12 51
13 51
14 51
15 51
16 51
17 51
18 51
49 3
48 3
19 51
47 3
46 3
20 51
45 3
21 51
44 3
43 3
22 51
23 51
24 51
28 63
42 3
41 3
40 3
25 51
26 51
39 3
27 51
28 51
38 3
29 51
29 63
30 63
30 51
31 51
37 3
36 3
35 3
32 51
33 51
34 51
34 3
33 3
31 63
32 3
31 3
35 51
36 51
30 3
37 51
32 63
33 63
38 51
29 3
39 51
40 51
28 3
41 51
42 51
43 51
27 3
26 3
25 3
44 51
45 51
24 3
46 51
47 51
34 63
48 51
23 3
22 3
21 3
49 51
20 3
50 51
51 51
51 50
51 49
19 3
18 3
17 3
51 48
51 47
51 46
16 3
51 45
51 44
35 63
51 43
51 42
51 41
15 3
51 40
14 3
51 39
51 38
13 3
51 37
51 36
12 3
51 35
51 34
11 3
10 3
51 33
36 63
51 32
51 31
9 3
8 3
7 3
51 30
51 29
51 28
6 3
5 3
4 3
51 27
51 26
51 25
51 24
51 23
51 22
51 21
51 20
3 3
51 19
51 18
2 3
2 4
51 17
37 63
51 16
51 15
51 14
2 5
51 13
51 12
2 6
50 12
49 12
48 12
2 7
47 12
2 8
63 21
2 9
46 12
45 12
44 12
43 12
42 12
41 12
38 63
40 12
39 12
38 12
37 12
63 20
36 12
35 12
34 12
33 12
2 10
2 11
32 12
31 12
30 12
29 12
28 12
27 12
26 12
25 12
24 12
23 12
22 12
2 12
21 12
20 12
39 63
19 12
18 12
17 12
2 13
16 12
15 12
14 12
13 12
12 12
2 14
11 12
2 15
11 13
11 14
11 15
2 16
11 16
11 17
11 18
11 19
40 63
2 17
11 20
11 21
11 22
11 23
41 63
11 24
2 18
2 19
11 25
11 26
2 20
2 21
11 27
11 28
11 29
2 22
11 30
2 23
2 24
11 31
2 25
11 32
11 33
11 34
11 35
11 36
11 37
2 26
11 38
2 27
2 28
42 63
11 39
11 40
2 29
2 30
11 41
11 42
11 43
2 31
11 44
2 32
2 33
2 34
2 35
11 45
11 46
2 36
2 37
11 47
2 38
2 39
11 48
2 40
11 49
11 50
11 51
11 52
2 41
12 52
13 52
14 52
2 42
2 43
2 44
15 52
16 52
17 52
18 52
2 45
19 52
20 52
21 52
2 46
22 52
23 52
24 52
25 52
2 47
2 48
26 52
27 52
28 52
29 52
30 52
31 52
32 52
33 52
2 49
34 52
35 52
2 50
2 51
43 63
2 52
36 52
37 52
38 52
39 52
2 53
2 54
40 52
2 55
2 56
2 57
2 58
41 52
42 52
2 59
2 60
43 52
44 52
45 52
44 63
2 61
46 52
47 52
48 52
49 52
50 52
51 52
3 61
52 52
52 51
4 61
5 61
6 61
52 50
52 49
7 61
8 61
52 48
52 47
9 61
10 61
52 46
52 45
52 44
52 43
11 61
52 42
52 41
52 40
52 39
52 38
52 37
52 36
12 61
52 35
52 34
52 33
52 32
13 61
52 31
52 30
52 29
52 28
14 61
52 27
52 26
52 25
15 61
45 63
52 24
52 23
16 61
17 61
52 22
52 21
18 61
52 20
52 19
52 18
52 17
52 16
52 15
52 14
52 13
52 12
52 11
51 11
50 11
49 11
19 61
48 11
47 11
46 11
45 11
20 61
21 61
44 11
22 61
23 61
43 11
42 11
41 11
40 11
24 61
39 11
38 11
46 63
47 63
37 11
25 61
36 11
26 61
35 11
34 11
33 11
32 11
31 11
30 11
29 11
27 61
28 11
27 11
48 63
26 11
28 61
25 11
24 11
23 11
29 61
22 11
21 11
30 61
31 61
20 11
19 11
18 11
32 61
17 11
16 11
15 11
14 11
13 11
12 11
11 11
10 11
33 61
10 12
10 13
10 14
10 15
49 63
10 16
10 17
34 61
10 18
10 19
10 20
10 21
10 22
10 23
35 61
10 24
10 25
10 26
10 27
10 28
10 29
10 30
10 31
10 32
10 33
36 61
10 34
37 61
38 61
10 35
10 36
39 61
40 61
10 37
41 61
10 38
42 61
10 39
10 40
10 41
10 42
10 43
10 44
10 45
43 61
44 61
10 46
10 47
10 48
10 49
10 50
10 51
45 61
46 61
10 52
47 61
10 53
48 61
49 61
11 53
50 61
51 61
52 61
53 61
12 53
13 53
54 61
14 53
15 53
16 53
17 53
50 63
55 61
18 53
19 53
20 53
21 53
22 53
23 53
24 53
25 53
26 53
27 53
28 53
56 61
29 53
30 53
57 61
31 53
32 53
33 53
58 61
34 53
35 53
51 63
59 61
36 53
37 53
60 61
38 53
39 53
40 53
61 61
41 53
61 60
42 53
61 59
61 58
43 53
44 53
61 57
52 63
61 56
45 53
46 53
47 53
61 55
48 53
61 54
49 53
50 53
53 63
51 53
52 53
53 53
61 53
53 52
61 52
53 51
61 51
53 50
61 50
53 49
61 49
53 48
61 48
53 47
53 46
53 45
53 44
53 43
61 47
53 42
61 46
61 45
53 41
53 40
53 39
53 38
53 37
54 63
53 36
61 44
53 35
61 43
53 34
53 33
61 42
61 41
53 32
53 31
53 30
61 40
53 29
53 28
53 27
53 26
53 25
53 24
61 39
61 38
53 23
53 22
61 37
53 21
53 20
53 19
53 18
61 36
53 17
53 16
53 15
53 14
53 13
61 35
53 12
55 63
61 34
53 11
53 10
52 10
51 10
50 10
49 10
48 10
47 10
61 33
61 32
46 10
45 10
44 10
61 31
43 10
61 30
42 10
61 29
61 28
61 27
41 10
40 10
39 10
38 10
37 10
61 26
36 10
35 10
34 10
33 10
61 25
32 10
31 10
30 10
29 10
56 63
28 10
27 10
61 24
26 10
25 10
61 23
61 22
24 10
23 10
61 21
22 10
21 10
20 10
61 20
61 19
19 10
18 10
17 10
61 18
16 10
61 17
15 10
14 10
57 63
13 10
12 10
11 10
10 10
9 10
9 11
9 12
9 13
9 14
9 15
9 16
61 16
9 17
9 18
9 19
58 63
9 20
9 21
9 22
9 23
9 24
9 25
9 26
9 27
9 28
9 29
9 30
9 31
9 32
9 33
9 34
59 63
60 63
61 15
61 14
9 35
61 13
61 12
9 36
61 11
9 37
9 38
61 10
9 39
9 40
9 41
61 9
61 8
9 42
9 43
9 44
9 45
9 46
61 7
61 6
9 47
61 5
9 48
9 49
61 4
61 3
9 50
9 51
9 52
9 53
61 2
9 54
60 2
10 54
11 54
12 54
59 2
13 54
14 54
15 54
16 54
17 54
18 54
19 54
58 2
61 63
57 2
20 54
21 54
62 63
56 2
22 54
23 54
24 54
25 54
55 2
26 54
27 54
28 54
29 54
63 63
30 54
31 54
32 54
33 54
54 2
53 2
52 2
51 2
50 2
34 54
49 2
35 54
36 54
48 2
47 2
37 54
38 54
39 54
63 62
40 54
41 54
46 2
45 2
44 2
42 54
43 2
43 54
44 54
45 54
46 54
47 54
48 54
42 2
41 2
49 54
40 2
50 54
39 2
51 54
38 2
52 54
53 54
54 54
37 2
54 53
54 52
54 51
36 2
54 50
63 61
54 49
63 60
35 2
54 48
34 2
54 47
33 2
54 46
32 2
54 45
31 2
54 44
54 43
30 2
29 2
54 42
54 41
54 40
28 2
54 39
54 38
54 37
27 2
54 36
26 2
54 35
63 59
25 2
54 34
24 2
54 33
23 2
54 32
22 2
54 31
54 30
63 19
54 29
54 28
63 58
54 27
54 26
21 2
54 25
54 24
54 23
54 22
54 21
54 20
54 19
20 2
54 18
54 17
19 2
54 16
54 15
54 14
18 2
54 13
54 12
54 11
17 2
54 10
54 9
53 9
16 2
52 9
63 57
15 2
51 9
50 9
14 2
49 9
13 2
48 9
47 9
46 9
45 9
12 2
44 9
43 9
11 2
10 2
42 9
41 9
40 9
39 9
38 9
37 9
9 2
36 9
35 9
34 9
33 9
32 9
31 9
30 9
29 9
28 9
27 9
26 9
8 2
25 9
7 2
24 9
23 9
6 2
22 9
21 9
20 9
19 9
18 9
17 9
16 9
15 9
14 9
13 9
12 9
5 2
4 2
11 9
3 2
2 2
63 56
10 9
1 2
9 9
1 3
8 9
1 4
1 5
8 10
8 11
1 6
1 7
63 55
1 8
8 12
8 13
8 14
8 15
8 16
8 17
8 18
1 9
8 19
1 10
8 20
1 11
1 12
1 13
1 14
1 15
8 21
1 16
8 22
1 17
8 23
8 24
8 25
8 26
8 27
1 18
8 28
1 19
8 29
1 20
8 30
8 31
1 21
8 32
8 33
1 22
1 23
8 34
8 35
8 36
8 37
8 38
8 39
1 24
8 40
8 41
1 25
8 42
8 43
8 44
8 45
8 46
8 47
1 26
8 48
63 54
8 49
8 50
8 51
8 52
8 53
8 54
8 55
1 27
1 28
1 29
1 30
9 55
1 31
1 32
10 55
11 55
12 55
1 33
13 55
14 55
15 55
1 34
16 55
1 35
17 55
18 55
1 36
1 37
19 55
20 55
21 55
22 55
23 55
24 55
25 55
26 55
27 55
28 55
29 55
30 55
31 55
32 55
33 55
34 55
63 53
35 55
36 55
37 55
38 55
1 38
1 39
1 40
39 55
40 55
41 55
42 55
43 55
44 55
63 52
45 55
46 55
1 41
47 55
48 55
49 55
50 55
1 42
63 51
51 55
1 43
52 55
53 55
1 44
1 45
54 55
55 55
1 46
55 54
55 53
55 52
55 51
55 50
1 47
1 48
55 49
1 49
1 50
1 51
55 48
1 52
55 47
55 46
55 45
63 50
1 53
55 44
55 43
55 42
55 41
1 54
1 55
55 40
55 39
55 38
1 56
55 37
55 36
55 35
55 34
55 33
1 57
55 32
55 31
55 30
55 29
55 28
55 27
55 26
1 58
55 25
1 59
1 60
55 24
55 23
55 22
55 21
1 61
55 20
55 19
55 18
1 62
55 17
55 16
2 62
55 15
3 62
55 14
55 13
4 62
55 12
55 11
55 10
5 62
55 9
6 62
7 62
55 8
54 8
53 8
52 8
8 62
51 8
50 8
9 62
63 49
49 8
48 8
47 8
46 8
45 8
44 8
43 8
42 8
41 8
40 8
10 62
39 8
38 8
37 8
63 48
11 62
63 47
12 62
36 8
35 8
34 8
33 8
13 62
32 8
31 8
30 8
14 62
29 8
28 8
27 8
26 8
25 8
24 8
15 62
23 8
22 8
21 8
20 8
19 8
16 62
63 46
17 62
63 45
18 62
18 8
17 8
19 62
16 8
15 8
20 62
14 8
13 8
21 62
12 8
22 62
23 62
11 8
24 62
10 8
9 8
8 8
7 8
7 9
7 10
25 62
26 62
7 11
7 12
7 13
27 62
7 14
7 15
7 16
28 62
7 17
7 18
29 62
7 19
7 20
7 21
63 44
7 22
7 23
30 62
7 24
7 25
7 26
7 27
7 28
63 43
7 29
7 30
7 31
7 32
31 62
7 33
32 62
7 34
7 35
7 36
33 62
34 62
7 37
35 62
7 38
36 62
7 39
7 40
37 62
7 41
7 42
7 43
7 44
7 45
7 46
38 62
7 47
39 62
7 48
7 49
7 50
7 51
7 52
7 53
40 62
41 62
42 62
43 62
7 54
7 55
7 56
44 62
8 56
45 62
9 56
10 56
11 56
12 56
13 56
14 56
46 62
47 62
63 42
15 56
48 62
49 62
50 62
63 41
16 56
17 56
51 62
18 56
19 56
52 62
53 62
63 40
20 56
21 56
22 56
23 56
54 62
24 56
55 62
25 56
56 62
26 56
57 62
58 62
27 56
28 56
63 39
29 56
59 62
30 56
60 62
61 62
31 56
32 56
33 56
62 62
62 61
62 60
34 56
35 56
36 56
37 56
38 56
39 56
40 56
41 56
42 56
43 56
62 59
44 56
45 56
46 56
47 56
48 56
62 58
49 56
50 56
62 57
51 56
62 56
52 56
53 56
54 56
55 56
56 56
56 55
62 55
56 54
56 53
56 52
56 51
62 54
56 50
56 49
56 48
56 47
62 53
56 46
56 45
56 44
56 43
56 42
62 52
56 41
62 51
56 40
56 39
62 50
56 38
62 49
63 38
56 37
56 36
62 48
56 35
62 47
56 34
56 33
62 46
56 32
62 45
56 31
56 30
56 29
56 28
56 27
56 26
56 25
56 24
56 23
62 44
62 43
56 22
56 21
56 20
56 19
56 18
56 17
62 42
56 16
56 15
56 14
56 13
56 12
56 11
62 41
63 37
62 40
56 10
56 9
56 8
62 39
56 7
55 7
62 38
54 7
53 7
62 37
52 7
51 7
62 36
50 7
49 7
48 7
47 7
46 7
45 7
62 35
44 7
43 7
42 7
41 7
40 7
39 7
38 7
37 7
63 36
36 7
62 34
35 7
34 7
33 7
32 7
31 7
62 33
62 32
30 7
29 7
62 31
62 30
28 7
62 29
27 7
26 7
25 7
24 7
23 7
62 28
22 7
21 7
20 7
19 7
62 27
18 7
17 7
62 26
16 7
15 7
14 7
62 25
13 7
12 7
11 7
10 7
62 24
9 7
8 7
7 7
6 7
63 35
6 8
6 9
6 10
6 11
6 12
6 13
62 23
62 22
6 14
6 15
6 16
6 17
6 18
62 21
6 19
6 20
6 21
62 20
6 22
6 23
6 24
62 19
6 25
62 18
62 17
6 26
6 27
6 28
6 29
62 16
6 30
6 31
62 15
6 32
62 14
6 33
62 13
6 34
6 35
62 12
6 36
6 37
6 38
6 39
6 40
62 11
62 10
6 41
6 42
6 43
6 44
6 45
6 46
63 34
6 47
6 48
6 49
6 50
6 51
6 52
62 9
6 53
6 54
6 55
6 56
6 57
62 8
62 7
62 6
62 5
7 57
8 57
63 33
63 32
62 4
9 57
10 57
11 57
12 57
13 57
14 57
15 57
16 57
62 3
62 2
17 57
62 1
18 57
19 57
61 1
20 57
60 1
21 57
22 57
59 1
58 1
23 57
24 57
57 1
25 57
26 57
27 57
56 1
55 1
28 57
29 57
63 31
30 57
54 1
53 1
52 1
31 57
32 57
33 57
34 57
51 1
63 30
35 57
63 29
36 57
63 28
50 1
49 1
37 57
48 1
47 1
38 57
39 57
40 57
46 1
41 57
45 1
42 57
43 57
44 57
44 1
43 1
42 1
45 57
41 1
46 57
47 57
48 57
49 57
50 57
51 57
40 1
52 57
53 57
39 1
38 1
37 1
36 1
54 57
35 1
63 27
55 57
34 1
56 57
33 1
32 1
57 57
31 1
57 56
57 55
57 54
57 53
57 52
57 51
30 1
57 50
57 49
57 48
57 47
57 46
57 45
57 44
29 1
57 43
57 42
28 1
57 41
57 40
63 26
57 39
57 38
57 37
57 36
27 1
26 1
57 35
25 1
57 34
24 1
57 33
57 32
57 31
57 30
57 29
57 28
57 27
57 26
23 1
57 25
57 24
57 23
57 22
57 21
57 20
57 19
63 25
57 18
57 17
57 16
22 1
57 15
57 14
57 13
57 12
57 11
57 10
57 9
57 8
21 1
57 7
57 6
56 6
20 1
55 6
54 6
53 6
52 6
19 1
51 6
50 6
49 6
48 6
47 6
46 6
45 6
18 1
17 1
44 6
