16 2
5 5
14 6
5 6
14 5
14 4
5 7
14 3
8 8
9 8
5 8
16 1
5 9
16 0
9 7
14 2
5 10
13 2
12 2
11 2
5 11
10 2
6 11
7 11
9 2
8 2
8 11
15 0
7 2
6 2
9 11
5 2
10 11
4 2
3 2
14 0
11 11
2 2
2 3
8 7
7 7
12 11
12 10
12 9
2 4
13 0
7 8
12 8
2 5
2 6
2 7
12 0
11 0
12 7
2 8
7 9
10 0
12 6
0 16
2 9
8 9
2 10
2 11
2 12
12 5
2 13
9 0
12 4
9 9
11 4
8 0
1 16
2 14
3 14
10 9
10 4
4 14
9 4
7 0
5 14
8 4
10 8
2 16
7 4
6 4
6 14
5 4
10 7
4 4
7 14
4 5
10 6
8 14
4 6
9 14
10 14
4 7
9 6
11 14
4 8
4 9
4 10
12 14
13 14
4 11
14 14
8 6
15 14
15 13
4 12
7 6
5 12
6 6
6 12
6 7
7 12
15 12
15 11
15 10
15 9
8 12
9 12
10 12
15 8
15 7
6 8
15 6
11 12
6 0
6 9
12 12
15 5
6 10
7 10
13 12
8 10
13 11
15 4
13 10
13 9
5 0
13 8
9 10
13 7
10 10
13 6
15 3
4 0
3 0
15 2
2 0
15 1
14 1
11 10
1 0
13 1
12 1
0 0
11 1
13 5
13 4
13 3
0 1
10 1
12 3
0 2
11 9
9 1
11 8
0 3
11 3
0 4
10 3
9 3
8 3
7 3
6 3
5 3
0 5
8 1
7 1
11 7
6 1
5 1
4 3
11 6
0 6
3 3
0 7
4 1
0 8
3 4
0 9
3 1
2 1
1 1
3 5
0 10
3 6
1 2
3 7
3 8
3 9
3 10
3 11
3 12
0 11
3 13
4 13
1 3
5 13
1 4
1 5
1 6
6 13
11 5
0 12
7 13
1 7
1 8
8 13
10 5
9 13
1 9
1 10
1 11
1 12
10 13
1 13
1 14
0 13
1 15
2 15
3 15
4 15
11 13
5 15
6 15
7 15
8 15
9 15
10 15
11 15
9 5
12 13
12 15
13 15
14 15
15 15
13 13
16 15
8 5
16 14
0 14
14 13
14 12
16 13
16 12
0 15
16 11
16 10
14 11
7 5
16 9
14 10
16 8
16 7
14 9
14 8
14 7
6 5
16 6
16 5
16 4
16 3
