16 16
17 16
17 15
24 11
24 10
16 15
24 9
24 8
23 8
22 8
21 8
15 15
20 8
19 8
32 24
18 8
32 23
32 22
3 7
15 16
17 8
16 8
15 8
3 8
14 8
32 21
3 9
3 10
3 11
13 8
12 8
15 17
11 8
32 20
10 8
16 17
17 17
9 8
8 8
8 9
8 10
18 17
18 16
8 11
18 15
18 14
3 12
8 12
8 13
8 14
8 15
8 16
8 17
32 19
8 18
3 13
8 19
3 14
8 20
17 14
3 15
32 18
3 16
3 17
32 17
3 18
8 21
3 19
8 22
16 14
3 20
15 14
8 23
3 21
3 22
14 14
14 15
8 24
9 24
3 23
10 24
3 24
11 24
14 16
3 25
12 24
3 26
3 27
3 28
13 24
14 17
14 24
15 24
3 29
4 29
5 29
14 18
16 24
6 29
7 29
8 29
9 29
10 29
32 16
32 15
32 14
15 18
17 24
11 29
32 13
16 18
18 24
12 29
13 29
32 12
19 24
20 24
17 18
18 18
14 29
15 29
19 18
21 24
16 29
19 17
22 24
23 24
17 29
24 24
18 29
19 16
19 15
19 14
25 24
19 13
19 29
25 23
18 13
17 13
20 29
32 11
25 22
16 13
25 21
21 29
25 20
32 10
25 19
25 18
15 13
25 17
22 29
23 29
25 16
25 15
24 29
25 29
25 14
25 13
26 29
25 12
14 13
27 29
25 11
28 29
25 10
13 13
25 9
25 8
25 7
24 7
23 7
22 7
21 7
20 7
29 29
13 14
19 7
18 7
32 9
13 15
13 16
17 7
13 17
13 18
30 29
16 7
15 7
14 7
30 28
30 27
13 7
32 8
30 26
13 19
12 7
14 19
30 25
30 24
32 7
11 7
30 23
32 6
15 19
10 7
9 7
30 22
8 7
7 7
7 8
30 21
30 20
30 19
16 19
7 9
30 18
30 17
30 16
17 19
30 15
7 10
30 14
7 11
18 19
7 12
19 19
7 13
7 14
20 19
7 15
7 16
32 5
20 18
30 13
7 17
30 12
20 17
7 18
7 19
30 11
7 20
20 16
30 10
30 9
20 15
7 21
30 8
7 22
20 14
7 23
32 4
7 24
30 7
30 6
7 25
30 5
8 25
9 25
30 4
30 3
30 2
32 3
29 2
28 2
27 2
10 25
26 2
11 25
12 25
25 2
20 13
13 25
20 12
19 12
18 12
14 25
32 2
17 12
24 2
16 12
23 2
15 25
16 25
22 2
17 25
18 25
19 25
15 12
21 2
20 2
20 25
14 12
21 25
22 25
19 2
23 25
24 25
32 1
13 12
25 25
26 25
12 12
26 24
18 2
17 2
32 0
26 23
12 13
12 14
16 2
12 15
15 2
14 2
26 22
12 16
13 2
12 2
26 21
26 20
11 2
26 19
26 18
26 17
10 2
9 2
8 2
12 17
7 2
31 0
26 16
26 15
6 2
26 14
26 13
12 18
12 19
5 2
30 0
12 20
13 20
26 12
26 11
26 10
26 9
4 2
26 8
14 20
15 20
3 2
29 0
2 2
2 3
26 7
16 20
26 6
2 4
25 6
17 20
18 20
24 6
23 6
2 5
2 6
19 20
20 20
21 20
22 6
2 7
21 6
20 6
2 8
21 19
28 0
21 18
19 6
21 17
18 6
17 6
16 6
2 9
15 6
14 6
13 6
21 16
21 15
2 10
21 14
12 6
21 13
2 11
11 6
2 12
2 13
21 12
2 14
21 11
2 15
20 11
10 6
27 0
9 6
2 16
8 6
7 6
2 17
6 6
2 18
6 7
19 11
6 8
18 11
6 9
6 10
6 11
2 19
2 20
6 12
2 21
2 22
6 13
6 14
6 15
6 16
6 17
17 11
6 18
16 11
15 11
2 23
6 19
2 24
2 25
6 20
6 21
14 11
6 22
6 23
2 26
6 24
2 27
13 11
6 25
6 26
2 28
2 29
7 26
8 26
26 0
12 11
2 30
11 11
9 26
10 26
11 26
25 0
24 0
3 30
12 26
4 30
5 30
13 26
11 12
14 26
11 13
15 26
16 26
11 14
23 0
17 26
6 30
7 30
18 26
19 26
8 30
22 0
11 15
11 16
20 26
21 26
22 26
9 30
23 26
10 30
11 17
24 26
11 30
12 30
11 18
13 30
11 19
25 26
14 30
26 26
15 30
16 30
27 26
27 25
11 20
17 30
27 24
27 23
21 0
27 22
11 21
18 30
12 21
27 21
13 21
20 0
19 30
27 20
27 19
20 30
14 21
15 21
27 18
27 17
27 16
27 15
16 21
17 21
21 30
22 30
27 14
27 13
23 30
18 21
19 0
19 21
27 12
24 30
27 11
27 10
25 30
27 9
27 8
27 7
26 30
27 6
27 30
27 5
26 5
28 30
29 30
30 30
25 5
31 30
24 5
23 5
31 29
22 5
21 5
31 28
31 27
20 21
21 21
20 5
22 21
31 26
22 20
22 19
19 5
31 25
31 24
18 5
31 23
17 5
22 18
31 22
16 5
15 5
14 5
13 5
18 0
12 5
11 5
31 21
22 17
17 0
22 16
22 15
16 0
22 14
31 20
22 13
15 0
22 12
22 11
22 10
21 10
20 10
19 10
31 19
18 10
14 0
10 5
9 5
8 5
7 5
17 10
6 5
31 18
5 5
5 6
5 7
13 0
16 10
12 0
15 10
5 8
31 17
5 9
31 16
5 10
5 11
14 10
5 12
5 13
5 14
13 10
5 15
31 15
11 0
31 14
5 16
12 10
11 10
5 17
5 18
5 19
5 20
5 21
31 13
5 22
5 23
10 10
31 12
5 24
31 11
5 25
10 11
10 12
5 26
10 13
10 14
31 10
31 9
31 8
5 27
6 27
7 27
31 7
8 27
10 15
9 27
10 27
11 27
31 6
10 16
12 27
13 27
10 17
10 18
10 19
31 5
31 4
14 27
15 27
10 0
16 27
31 3
17 27
10 20
31 2
18 27
9 0
19 27
20 27
10 21
31 1
8 0
30 1
29 1
28 1
21 27
22 27
10 22
23 27
27 1
11 22
24 27
26 1
12 22
25 1
24 1
23 1
25 27
13 22
26 27
27 27
22 1
21 1
20 1
28 27
28 26
14 22
19 1
7 0
28 25
15 22
16 22
18 1
28 24
17 1
28 23
17 22
18 22
28 22
28 21
16 1
15 1
28 20
14 1
13 1
28 19
28 18
6 0
28 17
28 16
28 15
5 0
28 14
28 13
28 12
28 11
28 10
12 1
28 9
28 8
11 1
19 22
28 7
20 22
28 6
4 0
28 5
28 4
27 4
21 22
26 4
25 4
24 4
10 1
22 22
23 4
23 22
9 1
22 4
21 4
23 21
8 1
20 4
19 4
3 0
23 20
18 4
17 4
16 4
7 1
15 4
14 4
13 4
23 19
6 1
23 18
23 17
12 4
23 16
11 4
10 4
23 15
9 4
8 4
5 1
23 14
23 13
7 4
4 1
6 4
3 1
5 4
23 12
4 4
4 5
4 6
4 7
4 8
4 9
23 11
4 10
23 10
2 1
4 11
1 1
23 9
22 9
4 12
1 2
4 13
4 14
2 0
1 0
1 3
4 15
1 4
1 5
21 9
4 16
20 9
19 9
1 6
4 17
4 18
1 7
4 19
4 20
1 8
4 21
1 9
18 9
4 22
4 23
17 9
16 9
15 9
14 9
1 10
1 11
4 24
1 12
4 25
0 0
1 13
0 1
13 9
12 9
4 26
1 14
1 15
1 16
1 17
11 9
4 27
4 28
0 2
5 28
10 9
1 18
6 28
7 28
8 28
1 19
9 28
10 28
1 20
11 28
1 21
1 22
1 23
12 28
13 28
1 24
1 25
1 26
9 9
1 27
9 10
14 28
15 28
1 28
16 28
17 28
9 11
18 28
1 29
9 12
1 30
19 28
20 28
0 3
0 4
9 13
1 31
21 28
9 14
2 31
22 28
23 28
24 28
25 28
9 15
26 28
27 28
9 16
9 17
28 28
9 18
9 19
9 20
29 28
3 31
9 21
29 27
29 26
29 25
29 24
9 22
9 23
29 23
10 23
29 22
4 31
29 21
29 20
29 19
11 23
29 18
29 17
5 31
29 16
29 15
12 23
6 31
29 14
13 23
29 13
29 12
0 5
29 11
29 10
7 31
29 9
29 8
0 6
8 31
9 31
29 7
10 31
11 31
29 6
12 31
29 5
29 4
13 31
14 31
29 3
28 3
15 31
14 23
15 23
27 3
16 23
17 23
16 31
18 23
17 31
26 3
18 31
19 23
20 23
19 31
25 3
20 31
24 3
21 23
22 23
23 23
23 3
22 3
21 31
22 31
21 3
24 23
23 31
20 3
24 22
24 21
24 31
25 31
26 31
19 3
24 20
27 31
28 31
18 3
17 3
24 19
29 31
16 3
24 18
24 17
15 3
30 31
0 7
31 31
14 3
24 16
13 3
24 15
12 3
24 14
11 3
0 8
10 3
32 31
0 9
32 30
9 3
8 3
0 10
7 3
6 3
32 29
5 3
32 28
4 3
3 3
32 27
24 13
3 4
32 26
3 5
24 12
3 6
32 25
