23 31
21 22
20 25
35 18
29 35
0 0
10 17
23 5
23 8
1 9
1 6
29 33
9 24
18 12
14 26
0 1
18 15
19 2
25 26
14 15
15 9
31 9
29 19
21 31
13 34
14 28
27 1
30 34
4 26
10 4
35 37
13 25
16 30
28 8
30 30
32 14
11 34
17 32
15 33
11 6
5 8
6 14
31 4
5 30
19 34
20 23
25 31
26 6
3 6
36 1
28 15
1 20
35 8
23 32
10 12
34 24
19 7
2 17
3 35
2 31
23 31
11 12
19 22
21 2
1 12
13 5
4 31
20 2
20 11
8 1
33 18
36 6
8 31
14 22
27 6
17 30
10 6
30 24
28 9
30 11
11 4
8 3
4 26
10 21
6 35
34 24
35 8
25 1
27 16
5 3
14 27
30 0
1 5
28 7
19 12
10 35
6 6
35 23
17 17
2 22
4 34
2 9
14 17
3 21
8 6
14 9
33 11
13 10
9 19
13 4
27 4
10 18
36 37
28 34
7 24
10 2
26 5
25 34
13 18
24 17
8 4
10 37
24 26
11 37
33 16
3 31
14 31
30 37
12 31
2 1
10 33
17 17
6 7
29 20
27 8
14 31
13 28
22 20
7 32
25 11
29 30
21 19
12 25
24 24
5 12
23 29
4 9
22 32
12 28
11 19
28 17
31 35
25 1
1 27
1 15
31 24
36 24
30 15
32 11
2 33
6 17
33 2
21 3
33 32
36 30
22 16
10 21
33 30
14 1
26 4
30 6
18 22
6 4
22 11
23 4
20 35
5 27
30 8
21 1
7 18
12 25
13 11
34 33
26 35
22 27
13 17
35 18
24 28
26 14
21 1
23 4
31 14
33 1
10 6
3 1
3 30
9 18
11 21
2 1
16 31
23 1
32 2
12 10
25 23
33 30
23 2
25 22
15 20
4 7
5 26
34 7
11 34
22 33
26 23
32 11
22 28
24 9
4 15
30 14
29 37
13 26
35 2
15 12
36 1
12 21
4 35
2 6
25 19
29 21
6 28
4 35
31 18
10 19
17 3
33 28
9 16
13 2
3 5
26 1
10 23
28 25
34 19
17 26
21 19
27 6
22 34
18 21
28 1
1 31
27 14
9 30
9 8
18 25
13 13
25 35
6 20
30 12
13 30
27 6
36 32
3 24
15 11
6 12
5 9
30 18
28 28
27 11
36 2
8 35
22 13
15 18
33 26
29 25
31 24
32 26
27 25
27 16
4 31
14 32
10 6
17 3
4 35
33 24
23 27
22 7
5 22
5 24
31 20
28 34
2 24
7 12
19 22
22 15
10 35
16 26
13 17
20 23
6 2
29 25
22 19
17 14
30 30
14 22
12 37
22 26
14 11
20 23
30 31
18 33
21 9
28 33
21 9
8 31
11 26
29 29
27 26
4 14
17 28
36 16
34 11
20 17
27 6
16 2
6 13
22 33
13 18
11 29
36 15
9 22
7 35
9 30
23 15
33 2
12 14
20 22
2 19
3 25
24 22
3 32
10 26
25 12
11 15
31 18
6 3
31 8
35 30
8 6
31 13
26 29
33 6
34 18
3 15
30 4
11 15
33 25
19 35
0 0
32 11
35 14
4 1
28 8
29 6
31 5
28 22
15 4
28 17
20 6
32 8
0 2
17 10
19 18
3 22
35 8
26 7
12 20
12 35
24 24
22 21
31 23
10 25
15 15
5 1
23 17
25 25
16 24
26 24
8 18
36 10
7 6
26 19
2 35
6 32
20 23
2 8
15 10
36 13
4 12
30 3
10 1
8 6
34 28
19 31
29 6
36 8
17 26
14 5
26 25
7 9
31 1
1 22
26 28
32 6
29 15
23 16
29 25
21 30
20 1
24 28
8 29
21 22
31 3
35 12
34 10
6 35
9 34
19 17
35 10
21 29
22 31
28 27
23 24
4 6
27 16
17 6
17 23
29 15
15 16
21 25
9 13
16 6
29 13
6 5
30 35
32 6
3 9
21 34
26 20
3 35
26 17
9 8
1 3
30 15
18 5
18 35
31 34
30 16
12 17
21 8
2 30
34 6
1 2
13 19
31 29
16 13
2 7
20 31
20 15
19 17
22 28
33 20
33 14
13 5
25 31
13 37
14 37
36 29
9 10
6 12
7 0
7 25
36 16
23 21
15 37
31 27
21 34
26 16
16 27
30 3
8 33
2 21
6 35
30 7
10 19
14 20
32 33
23 23
3 22
24 20
7 27
10 7
2 17
9 14
31 5
5 20
8 3
18 16
23 10
2 2
15 18
11 34
9 30
2 22
3 16
25 22
0 18
28 30
19 23
2 12
36 13
22 35
18 7
29 20
1 25
20 19
36 11
28 28
23 16
33 24
13 20
28 4
10 12
10 6
18 10
11 13
6 5
32 14
13 11
30 25
24 35
35 6
33 16
16 31
7 4
8 7
14 23
2 35
25 24
31 16
12 23
24 16
28 13
23 30
14 31
10 1
17 22
17 23
18 1
21 27
34 11
17 11
23 15
27 30
11 11
7 14
31 18
3 14
13 19
14 23
7 3
31 6
22 18
11 15
29 32
24 9
25 22
16 25
8 22
19 9
4 1
27 9
36 35
2 3
27 17
13 3
34 7
7 30
30 15
14 8
13 15
31 21
11 12
31 22
11 34
25 3
5 9
32 35
6 32
25 14
18 8
36 28
6 5
8 11
17 31
26 4
15 4
29 34
34 21
19 32
29 7
28 26
27 6
0 2
23 7
28 33
30 28
12 14
35 27
28 14
10 0
15 31
27 34
12 5
7 30
18 8
19 21
18 34
11 16
6 19
6 25
2 22
28 35
24 5
33 2
34 31
15 20
13 26
14 20
26 22
26 6
36 19
21 21
33 33
33 7
10 19
34 19
9 1
11 28
19 8
21 3
33 28
31 2
36 35
26 15
18 23
29 8
27 10
36 24
17 17
29 9
33 22
25 18
9 1
36 6
19 8
16 9
35 9
9 35
3 8
16 26
22 12
19 6
3 22
25 27
4 19
22 20
20 5
9 9
17 30
30 11
20 2
30 26
11 13
14 10
31 5
14 2
23 20
1 6
19 34
34 34
8 26
7 21
13 12
7 14
33 2
5 10
7 29
30 14
29 27
19 32
9 5
4 7
31 27
4 34
27 32
30 35
18 19
20 33
33 20
1 2
35 6
26 20
35 19
8 28
12 1
29 29
8 7
13 3
16 0
29 18
10 14
2 18
12 2
14 16
30 7
29 9
12 28
12 13
33 31
16 25
30 17
25 32
9 23
25 9
26 30
30 1
32 35
34 21
34 18
5 22
17 14
30 32
7 29
18 23
6 34
10 31
7 19
5 14
36 30
11 30
16 37
32 16
18 26
22 19
10 31
20 27
35 8
16 25
29 15
22 4
25 15
16 26
11 19
22 20
4 13
2 28
13 5
30 24
9 14
18 17
31 1
22 21
6 10
15 33
9 26
13 24
13 30
4 4
16 21
3 35
20 6
3 26
34 14
13 10
35 7
28 23
12 19
31 16
16 2
28 2
21 26
32 27
36 25
12 3
4 33
34 31
17 3
2 22
21 21
10 18
28 22
9 10
12 23
28 15
17 29
12 2
36 7
11 12
34 3
15 32
23 14
4 32
28 23
1 7
3 9
9 35
28 4
8 28
27 12
27 23
27 23
12 18
31 12
29 33
16 19
29 17
29 19
19 19
25 7
32 13
7 5
28 30
28 12
16 3
7 8
6 17
5 32
21 6
29 21
20 14
4 8
19 2
10 25
30 6
20 20
31 17
35 13
3 29
2 12
5 19
35 6
14 34
1 23
34 2
16 21
30 31
8 16
2 32
32 18
1 27
16 23
21 12
27 18
17 25
16 27
4 15
28 20
26 9
6 29
7 3
19 31
13 17
9 21
17 18
10 16
2 16
29 19
9 1
3 23
20 5
1 1
22 18
11 18
25 6
24 25
18 32
24 30
29 18
2 6
15 22
25 8
34 17
29 9
34 26
19 9
36 26
29 20
25 1
19 10
25 31
12 16
10 4
33 23
36 26
13 13
5 17
18 29
32 26
22 28
15 5
36 16
21 9
8 23
3 32
30 26
20 7
25 32
31 20
25 2
26 2
18 1
17 28
25 32
2 17
1 4
23 8
1 26
5 20
17 16
35 13
6 19
22 26
12 18
31 8
20 22
36 7
35 2
16 30
32 7
4 8
15 7
36 9
1 32
15 27
15 25
14 29
35 10
1 22
24 21
5 31
33 19
25 31
20 32
36 14
31 34
30 6
3 10
11 26
9 14
17 13
11 7
36 15
10 14
12 22
19 23
4 3
14 27
33 1
32 17
19 14
19 23
25 20
24 13
31 29
19 28
33 27
18 22
31 14
9 35
2 22
6 8
28 18
18 2
17 37
8 14
4 5
27 14
27 20
30 14
9 1
4 11
6 4
9 28
27 33
20 19
2 21
2 11
8 19
12 30
22 30
21 13
35 12
16 20
24 8
35 34
33 33
36 21
7 3
6 24
26 2
34 12
18 32
23 23
12 24
33 13
14 29
8 24
2 5
23 20
21 32
8 27
9 5
20 35
9 5
6 16
36 35
36 18
25 20
17 3
4 10
16 15
1 21
34 17
6 8
11 11
14 34
22 27
34 14
18 37
20 17
17 30
10 13
32 15
13 3
4 24
2 24
9 3
32 34
4 3
17 4
22 21
5 7
21 7
22 7
21 24
19 13
26 10
2 31
36 28
34 2
16 25
35 13
29 28
13 25
11 7
6 14
11 11
28 14
18 13
32 12
15 32
16 7
23 7
10 11
29 18
23 1
31 30
36 1
26 2
34 3
25 29
3 12
3 4
11 1
30 16
27 16
22 14
27 21
22 11
20 29
28 4
5 3
25 26
2 6
31 9
34 33
35 21
36 1
23 21
5 24
13 3
27 17
23 16
23 10
1 6
6 25
22 25
35 24
4 3
16 8
16 6
19 15
31 10
32 34
5 25
12 18
27 29
26 1
7 1
16 12
31 2
35 21
28 18
15 19
30 22
20 26
15 12
19 34
23 13
8 10
6 26
21 27
35 3
2 15
22 8
24 11
15 4
35 30
31 24
19 16
33 31
24 32
35 15
36 15
18 19
28 27
8 12
18 9
20 25
34 2
30 22
16 29
33 15
5 2
30 28
12 9
7 24
15 14
5 1
15 21
3 5
9 17
27 27
0 16
1 29
18 3
27 34
17 8
18 25
9 34
16 13
6 27
9 23
10 8
20 19
2 2
33 14
6 34
35 15
29 2
17 17
9 13
33 32
7 8
2 10
30 28
15 6
33 8
5 27
13 14
5 17
8 12
34 8
10 10
19 5
1 18
18 26
16 27
3 25
20 5
26 5
12 34
10 9
33 33
25 17
14 11
17 34
12 26
4 32
10 18
8 3
4 11
13 16
17 4
15 33
5 18
10 19
36 32
29 19
26 8
29 13
3 19
23 33
31 5
20 32
30 11
10 19
15 31
15 27
15 28
29 34
13 8
20 7
29 10
12 19
14 26
10 22
17 15
16 6
6 12
23 6
2 33
28 29
33 22
16 21
19 37
33 5
26 1
4 15
16 2
3 34
19 27
27 11
26 19
32 30
20 1
25 27
25 16
12 30
29 4
21 33
20 10
26 1
1 2
19 18
1 29
2 26
33 32
13 14
4 14
31 23
21 32
30 1
4 11
24 17
33 35
18 26
29 3
19 30
1 10
17 24
10 27
24 30
2 34
6 27
26 34
30 25
2 11
18 22
21 10
32 6
20 4
35 6
32 29
17 16
35 3
13 6
24 19
1 20
29 9
3 12
13 32
34 12
5 4
16 20
12 20
18 17
16 29
19 9
23 29
4 2
8 11
1 18
31 11
1 3
30 14
18 28
32 33
31 6
18 11
14 10
21 2
24 10
19 26
13 33
11 20
21 11
27 14
18 24
17 24
7 31
19 20
14 9
26 19
23 19
4 33
10 15
10 29
30 16
34 2
14 33
16 31
3 14
8 23
14 30
28 26
31 19
20 18
28 9
12 5
9 16
8 11
36 24
19 18
36 34
34 27
30 29
33 24
24 17
30 32
9 19
12 17
17 9
14 25
30 21
18 21
34 15
32 14
1 9
19 3
4 23
22 18
32 25
4 6
25 8
17 8
31 1
28 29
28 25
14 25
34 6
21 26
28 34
24 8
17 35
14 3
12 16
11 26
16 3
20 15
10 15
28 28
16 5
17 5
34 19
18 8
29 14
16 5
15 33
1 22
16 14
11 14
12 32
12 29
23 2
25 5
4 4
2 22
13 34
6 2
26 12
4 19
16 24
15 17
1 4
30 29
7 9
36 23
13 2
21 8
20 37
2 20
17 7
15 29
36 13
14 35
17 15
20 12
13 7
19 11
35 33
18 10
6 11
7 7
9 6
16 20
5 24
23 22
14 23
30 10
3 11
11 6
36 21
36 24
33 5
31 27
0 4
29 2
19 4
13 17
16 35
29 23
4 4
33 34
6 16
6 1
29 29
1 3
3 21
18 34
10 18
15 19
1 2
6 8
5 14
32 22
8 11
35 7
6 14
8 11
2 2
3 32
5 22
23 11
22 10
17 33
31 2
17 8
25 10
4 14
34 34
15 31
2 20
31 18
32 29
4 27
31 5
5 15
20 22
4 8
21 32
12 17
24 13
8 35
24 17
34 11
14 13
14 1
25 7
8 24
20 30
22 1
32 3
22 22
4 14
9 18
27 4
14 5
35 14
17 4
4 19
35 16
2 2
27 17
34 4
7 26
10 6
5 18
14 15
13 35
0 4
9 26
7 8
6 3
32 22
29 12
5 10
17 17
5 3
31 10
23 6
1 29
21 37
31 21
5 33
18 15
33 12
11 17
10 27
22 15
24 7
6 26
3 26
19 20
7 27
23 12
30 14
35 24
21 29
5 25
9 10
10 25
25 14
6 32
23 3
5 23
11 16
27 26
33 8
35 1
36 14
13 9
3 15
17 7
4 13
5 8
5 35
2 16
24 11
10 8
22 10
14 7
5 23
22 19
19 19
16 16
25 33
26 7
33 31
26 11
21 26
29 13
26 15
8 20
22 37
8 33
13 33
12 1
21 27
15 19
27 5
2 24
9 18
18 27
34 28
19 1
10 23
14 33
27 22
2 14
3 26
1 24
29 35
34 12
9 0
28 30
28 10
5 34
8 24
28 29
36 20
3 29
35 26
13 22
5 6
33 2
6 30
25 20
24 15
26 27
25 4
29 25
9 22
28 25
3 31
2 24
17 25
18 7
33 18
1 26
20 22
26 14
3 25
35 27
31 25
29 15
17 13
17 26
11 33
29 31
14 30
33 4
2 33
3 7
28 5
28 24
25 13
33 11
32 35
5 3
20 18
10 33
1 25
33 12
25 3
2 27
32 19
3 17
11 6
21 2
18 1
14 18
27 27
10 16
1 22
2 14
10 30
27 25
14 17
3 9
31 29
4 32
23 33
32 4
29 27
10 23
3 35
24 27
10 32
25 28
26 35
2 1
28 7
11 14
29 21
35 28
30 34
18 35
1 23
19 15
24 1
36 4
19 6
2 15
35 32
25 14
28 7
4 29
8 3
17 15
28 23
18 28
15 0
33 19
13 25
26 21
17 17
2 25
32 12
18 9
22 8
22 32
29 15
28 1
15 2
32 31
35 20
1 17
5 27
26 14
5 33
18 17
13 29
29 1
27 19
5 27
11 17
7 8
14 5
30 9
4 31
1 12
24 13
26 32
36 3
2 29
13 34
12 7
19 20
5 24
24 21
2 3
10 33
22 12
16 14
3 12
20 32
23 37
6 7
13 4
26 4
36 27
7 27
35 13
7 4
21 35
9 30
32 31
3 28
31 26
8 18
1 24
7 6
13 6
17 19
34 32
29 14
36 21
22 19
14 6
5 6
23 2
4 22
24 6
35 13
2 3
29 4
22 23
17 16
24 10
32 22
29 12
16 32
29 27
13 33
29 15
34 23
15 30
9 26
12 19
29 14
36 20
36 7
4 15
26 30
19 11
21 6
26 33
14 9
2 24
24 28
24 37
19 16
31 1
29 14
0 25
20 17
3 16
18 14
10 18
17 8
33 19
36 15
18 11
22 12
8 18
18 24
32 25
26 10
15 23
35 10
17 7
13 2
36 28
8 1
25 27
2 22
24 15
14 9
22 35
3 13
10 13
2 27
26 23
11 32
5 28
30 21
6 5
26 25
11 22
17 26
3 35
28 17
36 10
28 35
3 24
14 30
35 24
12 19
9 31
15 25
16 15
10 7
16 5
28 30
4 15
31 24
6 1
20 21
15 27
14 9
29 4
30 32
17 1
26 2
17 18
16 7
19 6
26 32
12 1
25 26
18 23
33 27
21 1
8 29
25 30
19 31
20 12
18 26
10 2
7 4
36 12
15 18
4 6
32 17
2 12
27 19
26 17
25 25
21 21
32 6
2 10
35 28
11 28
22 14
16 8
18 30
1 13
8 16
25 29
35 33
20 6
29 11
9 13
29 22
31 17
36 35
28 3
7 16
25 37
35 29
9 34
31 34
16 19
32 35
19 32
14 14
24 1
31 15
2 30
2 23
36 5
15 23
12 10
30 35
34 30
3 20
29 21
13 27
11 11
3 6
9 10
7 17
36 7
1 16
24 23
13 23
17 1
35 16
2 29
8 14
16 34
35 17
25 11
24 4
1 34
8 8
7 34
21 29
22 28
23 12
22 4
12 16
2 13
26 37
25 35
36 15
13 28
28 17
36 8
19 24
25 18
20 25
15 11
21 35
34 13
24 27
14 28
8 17
1 3
17 12
33 14
4 8
23 3
11 2
15 2
4 24
33 10
26 33
4 25
5 29
19 28
34 27
23 9
27 28
31 31
5 30
21 27
31 33
25 22
5 11
34 21
7 4
30 28
9 4
5 14
7 6
24 20
18 35
27 15
16 19
24 22
28 27
32 18
29 8
20 1
5 5
31 32
35 32
35 23
15 24
11 10
5 19
5 22
28 5
29 4
15 13
16 28
2 9
35 6
5 11
4 9
12 5
34 30
10 21
35 7
2 25
6 24
19 1
27 11
14 11
24 1
11 16
14 2
28 7
13 9
17 10
10 14
12 12
10 26
20 30
17 31
17 23
5 23
36 14
27 37
9 32
32 32
9 29
20 16
17 16
25 25
18 8
33 17
7 11
22 35
18 1
6 33
31 4
21 8
19 32
17 35
4 32
22 2
9 16
2 29
27 30
29 13
23 34
13 28
21 18
13 34
30 34
16 30
15 35
12 19
35 35
35 3
24 11
32 32
31 5
1 4
28 38
8 23
28 18
22 2
24 19
30 18
28 35
8 4
36 24
34 30
3 33
1 17
0 33
35 10
27 4
22 2
17 5
25 34
6 10
35 23
6 1
30 2
23 35
27 8
30 16
14 25
1 3
11 7
5 27
17 10
26 32
18 8
23 21
20 19
31 4
12 31
27 7
12 24
29 18
19 35
20 6
8 12
15 7
18 13
19 14
1 2
19 16
1 30
1 8
33 10
32 21
10 35
23 20
29 11
36 35
33 9
10 14
30 34
13 7
17 33
9 21
3 9
31 29
19 2
30 8
22 18
22 4
5 33
32 1
29 10
17 12
36 21
10 27
21 3
28 20
9 3
19 8
31 8
31 4
17 19
35 21
20 19
25 11
5 1
9 9
15 19
20 6
26 1
17 28
10 3
28 33
28 16
14 8
15 34
30 22
3 22
13 22
31 20
11 23
1 14
3 35
2 5
6 9
0 3
21 11
30 27
14 27
20 5
18 34
25 28
3 17
34 5
9 35
22 34
35 20
3 2
5 14
4 17
33 4
19 21
11 9
25 1
15 1
6 2
19 4
3 22
23 24
11 5
28 14
8 31
20 27
5 33
9 7
25 26
28 20
15 24
16 16
19 12
17 15
13 20
3 5
4 4
23 35
28 7
8 34
27 4
16 25
25 17
31 19
6 31
30 2
11 29
13 32
6 25
3 14
14 28
9 29
2 38
32 21
33 17
19 22
28 20
3 38
26 35
32 26
6 8
22 14
4 4
16 35
26 16
2 8
14 34
20 21
19 33
20 29
17 19
13 5
25 1
6 28
23 5
11 35
19 28
5 7
29 33
7 31
8 21
32 23
10 7
7 7
12 20
36 20
19 34
32 6
17 34
4 10
32 3
28 14
20 28
18 12
34 4
9 20
3 17
5 8
18 34
26 22
10 5
35 12
29 28
8 30
1 25
18 4
27 24
2 35
6 8
30 22
4 20
21 6
11 6
33 26
12 29
18 32
34 1
9 6
7 22
23 18
23 13
17 2
6 22
7 19
26 13
6 21
31 2
11 28
14 11
32 31
28 6
6 31
24 33
13 2
21 23
16 1
5 25
26 3
6 1
1 6
7 16
17 35
3 5
35 11
26 28
11 33
4 27
7 38
0 18
18 1
7 35
22 28
7 14
18 24
36 17
10 5
15 9
33 11
7 24
25 15
15 35
8 13
24 34
6 38
26 19
17 11
4 22
15 24
26 20
1 7
4 3
34 14
22 4
24 17
24 13
6 32
14 19
16 21
15 17
23 28
3 13
35 27
20 27
4 38
33 10
19 1
6 21
23 13
4 17
13 15
5 14
14 17
14 12
29 27
17 30
6 23
32 12
12 32
32 34
23 9
10 9
33 2
6 35
32 6
5 38
5 5
22 29
18 29
32 18
1 9
24 8
20 23
33 38
22 13
21 27
22 17
17 4
25 24
25 27
26 28
32 27
12 22
9 31
15 28
22 13
13 17
6 6
32 21
22 30
2 7
12 2
12 29
13 26
32 30
26 29
16 8
17 2
35 7
23 13
4 3
30 20
3 15
25 35
24 17
6 18
30 2
25 14
33 12
35 4
12 33
5 24
23 25
20 9
14 27
34 22
36 13
18 28
17 21
35 18
6 32
28 11
30 19
21 19
32 19
0 21
29 2
27 24
7 4
7 17
19 3
30 19
27 34
6 15
10 1
2 18
18 28
26 33
15 2
29 18
19 18
30 3
31 8
22 22
3 20
34 12
1 13
6 35
23 33
16 8
34 31
0 20
34 21
3 29
13 8
8 9
8 10
12 11
23 24
24 10
11 9
36 6
21 13
5 20
29 26
6 23
21 14
12 33
16 18
10 33
5 35
18 11
26 5
24 18
34 38
33 24
12 18
3 27
3 29
10 1
16 28
15 6
4 5
22 30
19 22
8 33
15 24
32 27
5 14
28 22
23 35
3 9
7 27
31 10
23 13
17 7
32 6
8 35
13 15
24 6
1 33
30 6
29 32
29 31
25 33
17 9
16 21
17 26
32 9
5 8
24 33
1 16
11 22
21 6
16 19
30 35
28 28
22 17
10 21
12 21
1 13
2 27
13 26
20 10
1 16
20 29
32 3
13 29
20 32
7 5
24 20
4 7
5 28
22 16
13 19
20 1
11 10
36 21
9 26
23 35
14 30
35 22
10 34
8 5
22 9
1 25
5 16
20 16
21 4
24 16
5 35
6 22
12 2
3 22
7 2
0 31
8 38
6 9
26 35
4 15
30 7
1 18
32 22
20 20
2 17
33 16
33 21
16 17
1 4
12 32
33 31
11 29
7 25
9 35
4 27
35 27
22 31
30 18
3 1
28 15
32 22
28 2
8 9
36 20
7 29
15 3
35 35
7 5
9 35
25 20
18 17
1 5
7 17
35 3
3 28
5 4
16 35
6 23
33 25
9 29
4 32
9 38
7 33
2 2
25 3
14 7
30 16
4 16
9 15
31 5
2 16
15 8
2 35
1 19
14 31
27 17
2 28
14 11
29 32
8 17
2 30
20 29
5 3
13 30
11 19
11 16
20 14
33 7
31 12
1 20
14 13
2 22
27 10
32 11
2 29
23 29
14 15
15 28
34 22
31 32
8 31
26 12
10 31
17 20
22 9
31 2
3 26
32 35
7 23
9 17
29 16
27 29
17 17
18 28
32 18
26 23
12 3
33 18
20 34
35 29
10 27
5 11
27 7
4 16
9 17
24 16
17 17
23 1
5 34
35 30
27 1
34 29
8 29
18 9
5 19
36 24
16 21
5 6
36 2
12 18
34 20
17 3
18 6
14 4
15 29
2 26
25 30
8 33
2 32
12 10
11 26
36 9
25 35
28 17
6 32
33 21
31 17
32 20
16 34
6 32
17 34
15 5
4 10
29 21
28 11
35 30
8 28
23 19
36 30
12 5
9 9
23 7
25 19
15 17
17 1
9 12
27 35
22 11
36 33
28 33
13 18
23 5
8 4
34 8
2 14
27 28
26 14
17 25
12 13
28 1
1 13
13 32
9 17
14 35
27 27
9 11
31 21
29 2
26 20
32 1
15 11
16 4
11 1
9 12
1 16
13 17
28 29
14 14
26 31
21 10
9 28
27 28
25 8
6 19
35 11
18 17
21 12
11 12
29 1
11 11
7 6
17 8
21 27
27 33
32 13
1 27
1 15
4 20
35 17
22 3
3 28
30 29
36 3
24 20
16 33
26 27
12 28
21 30
13 1
6 16
34 10
18 29
35 7
6 7
7 25
0 3
16 35
21 14
20 14
8 8
4 13
35 31
4 17
27 22
5 28
20 5
29 31
22 30
25 3
35 14
28 13
10 15
8 31
18 34
14 5
3 5
10 24
15 27
36 34
7 35
33 7
19 17
31 17
22 29
29 1
2 31
22 18
10 21
1 15
8 18
10 22
20 11
21 14
16 13
30 27
22 24
33 24
22 8
2 25
29 13
21 14
12 6
24 2
27 29
9 29
22 23
30 12
30 8
24 6
29 25
30 9
5 20
33 7
8 2
9 35
33 5
5 8
21 24
21 31
26 31
19 9
23 3
12 2
36 9
24 31
11 23
17 13
5 11
32 2
24 11
21 34
25 4
26 12
26 34
10 12
33 7
8 21
32 34
35 31
24 19
34 34
31 31
28 4
0 3
19 8
30 35
21 29
10 31
35 21
22 29
25 35
18 33
8 6
30 19
7 23
20 3
10 14
12 11
2 20
20 35
32 1
17 25
16 18
31 21
28 8
36 25
6 20
27 5
13 21
13 5
22 24
32 38
13 10
29 17
11 13
1 17
1 19
23 30
14 28
15 9
1 10
32 24
20 11
24 35
9 15
17 23
29 24
35 9
18 24
3 28
23 18
1 26
17 28
28 19
3 9
31 28
7 3
12 6
33 9
36 22
13 14
33 35
24 23
35 27
22 26
18 19
34 15
34 11
23 23
4 18
4 1
8 7
4 1
8 1
14 35
28 32
6 9
22 17
10 4
22 10
32 17
27 19
24 2
25 15
36 2
29 26
31 38
12 29
7 35
30 31
15 11
14 2
21 10
35 38
34 3
4 16
33 23
15 25
18 1
24 20
21 3
10 13
36 11
5 20
14 31
29 19
6 31
35 20
35 21
20 8
11 11
6 7
28 2
14 30
26 6
23 18
1 29
10 11
35 3
17 2
9 15
23 23
6 19
16 22
8 4
19 25
9 23
30 16
25 26
11 33
16 1
23 11
23 27
14 20
8 8
4 10
18 14
9 5
31 4
18 3
18 14
13 27
36 22
14 16
36 2
19 1
1 12
23 2
15 15
4 34
1 4
34 25
2 32
32 20
28 4
9 2
23 35
2 14
18 29
17 34
29 35
3 5
36 33
17 27
11 21
19 4
16 34
21 22
4 31
25 33
9 32
5 2
18 32
36 10
36 17
1 3
16 25
31 9
35 20
24 3
6 20
4 31
24 20
21 33
14 11
21 23
17 16
35 25
28 8
25 14
31 18
3 23
26 11
5 34
27 20
13 22
14 8
26 32
34 13
25 22
32 19
8 29
23 1
30 13
28 12
5 25
35 35
18 12
3 19
24 27
21 20
7 14
6 26
12 32
6 30
16 19
29 14
16 27
14 21
10 32
28 6
31 25
16 14
23 1
28 2
31 16
4 14
27 1
33 32
4 35
31 4
23 10
8 1
26 5
17 25
33 4
23 8
36 38
21 13
26 31
32 2
14 24
14 10
5 31
28 13
15 32
24 23
30 15
10 25
35 25
8 32
1 18
16 12
1 13
17 33
17 1
5 6
23 35
23 32
35 6
7 1
20 21
10 25
27 19
15 3
8 10
1 34
5 4
32 8
0 29
33 10
35 34
7 21
25 26
23 8
22 15
11 34
36 10
30 10
25 7
23 13
22 31
21 22
18 8
26 24
17 25
34 2
33 30
5 31
20 33
27 13
14 15
2 5
36 17
23 17
21 11
14 16
35 24
2 1
1 14
31 13
28 10
21 5
21 24
12 28
17 5
5 3
31 30
4 18
27 21
3 8
7 24
30 10
7 32
28 10
21 5
32 30
22 7
27 33
11 31
10 7
4 34
28 21
26 33
22 15
20 14
8 17
18 19
34 22
25 9
31 33
32 7
26 11
6 26
13 6
10 11
31 24
10 38
31 23
4 20
7 10
16 7
35 1
18 32
16 3
12 15
3 2
24 15
10 3
20 15
26 32
30 26
2 10
12 32
32 28
9 28
22 21
3 8
14 32
8 7
15 23
25 2
12 2
11 3
24 25
32 33
9 9
16 16
9 21
13 12
20 21
15 18
11 35
5 29
6 15
27 30
22 30
5 22
11 1
6 13
6 22
33 6
18 14
29 1
32 26
25 12
28 32
23 20
27 33
18 24
6 20
33 21
3 24
10 12
12 4
22 29
18 12
31 31
34 2
27 35
5 30
30 27
32 9
8 13
8 29
33 3
13 2
27 9
15 18
6 3
20 8
31 35
8 16
4 17
34 27
26 3
9 3
17 23
18 19
25 35
6 25
32 30
25 21
27 21
24 19
8 20
16 19
35 27
18 12
15 18
7 9
20 14
25 2
17 22
30 23
22 32
7 11
34 3
21 35
33 28
28 9
24 12
5 4
1 22
11 38
20 29
31 26
32 34
35 3
13 16
8 18
21 14
33 23
9 6
20 16
7 12
7 30
20 8
2 4
23 20
26 26
6 11
23 12
28 23
1 1
14 25
11 3
1 23
5 22
32 13
28 22
22 14
6 35
13 26
22 32
19 33
27 32
30 38
14 33
15 2
17 34
8 12
18 30
29 38
32 10
36 3
16 2
22 33
9 7
7 12
5 33
1 18
12 20
15 27
30 1
36 6
8 8
13 27
12 21
26 6
24 30
15 8
17 9
26 31
27 3
15 14
30 26
19 3
25 12
12 31
36 6
31 9
12 16
9 29
1 0
36 23
27 12
26 6
11 24
18 30
12 1
12 31
9 14
5 23
17 30
27 22
10 28
10 34
19 26
22 3
33 5
22 25
30 4
31 26
25 14
30 17
36 10
8 15
20 31
12 23
32 27
24 2
19 20
12 27
29 4
15 9
27 28
11 21
35 27
35 35
13 7
22 29
26 23
27 33
8 12
21 23
30 30
32 7
12 9
21 20
20 16
10 25
20 16
24 19
9 12
2 34
29 11
20 17
33 18
11 23
35 13
28 20
11 5
3 8
13 31
32 20
31 10
27 14
20 10
1 5
33 3
35 16
20 35
10 32
31 7
5 7
24 18
13 16
9 6
24 14
24 15
33 31
15 18
25 20
2 20
31 33
31 35
34 1
26 30
23 4
11 30
27 34
16 7
13 1
19 33
5 10
10 3
2 1
12 27
30 24
13 10
34 5
13 13
2 23
9 30
33 11
5 10
19 13
23 30
30 7
19 27
16 16
14 10
9 32
18 15
21 15
32 17
36 35
10 12
7 25
4 30
26 28
33 1
29 13
1 5
4 14
2 25
36 28
31 17
2 6
3 4
10 10
19 30
7 26
11 11
30 22
35 19
31 15
9 3
30 32
27 9
22 1
3 2
1 21
6 13
8 29
28 1
17 18
1 32
12 38
30 33
8 33
2 27
13 34
13 38
0 6
22 1
35 32
24 3
8 17
25 3
26 17
7 34
18 6
17 6
32 6
28 26
9 5
18 13
32 14
1 2
34 30
21 17
25 8
13 11
31 3
15 23
16 20
20 7
17 21
16 24
35 24
5 34
36 9
24 5
21 21
22 17
27 9
4 34
27 11
17 29
6 27
12 31
10 9
20 28
30 31
34 26
35 14
27 23
16 3
33 12
36 27
3 30
36 15
36 5
13 35
7 34
8 22
26 34
17 1
16 23
29 2
27 22
8 10
26 20
36 30
36 26
33 34
20 15
29 31
28 30
3 24
1 32
8 21
16 1
32 32
3 15
20 9
30 19
24 7
3 2
14 16
3 20
12 15
2 33
20 34
1 17
10 29
28 20
14 18
13 24
32 10
4 26
17 19
12 8
1 27
34 23
3 4
27 3
27 28
34 1
8 26
31 33
9 19
16 32
13 3
36 12
7 26
4 5
7 11
17 14
32 11
10 28
28 27
21 22
19 10
3 23
17 10
30 15
20 27
27 17
27 4
5 18
7 25
28 26
25 6
1 31
34 29
11 22
20 23
31 30
20 32
7 22
5 26
1 28
5 11
36 5
21 8
12 35
15 15
25 29
17 16
23 25
12 11
21 28
7 32
32 5
28 7
7 20
19 1
24 16
4 13
27 26
9 16
15 33
8 33
28 30
14 14
14 4
20 12
18 15
10 4
19 9
35 29
34 12
3 28
1 13
32 33
11 2
19 35
7 21
15 20
14 38
10 25
26 7
8 27
28 12
11 6
6 6
10 23
30 34
19 13
29 10
11 5
9 24
11 13
23 9
11 35
6 1
21 2
8 15
6 19
2 12
26 16
6 6
12 35
2 5
21 4
2 31
19 25
3 25
12 29
10 15
35 5
3 18
8 35
29 35
33 5
9 31
20 13
10 13
8 5
18 26
2 9
11 16
35 10
18 9
15 34
27 23
3 20
1 3
1 10
4 10
1 29
12 3
10 21
30 7
11 5
9 4
5 4
34 12
3 16
9 24
34 29
4 10
30 31
17 3
31 13
29 24
31 2
30 10
15 34
9 26
14 13
2 29
5 21
13 28
25 13
36 8
15 3
11 23
21 25
14 20
5 31
9 18
25 19
3 21
21 25
10 35
36 29
18 3
10 16
4 33
17 1
1 7
22 6
30 12
28 18
7 6
8 21
1 28
5 22
29 24
22 15
2 9
18 26
25 17
27 7
33 6
8 15
18 26
23 9
26 11
0 7
35 33
16 21
8 20
13 19
25 20
26 12
3 7
13 27
30 19
8 1
6 10
30 20
18 4
33 1
16 22
10 32
3 29
15 11
22 11
36 10
18 1
9 22
9 34
18 27
36 19
21 9
36 30
12 34
21 8
3 17
29 12
24 2
16 23
10 6
7 11
28 6
28 27
8 9
36 18
19 20
3 19
8 21
11 21
13 21
26 29
21 10
35 25
11 20
35 28
15 4
4 6
33 24
32 16
14 30
33 1
17 30
34 28
22 17
24 16
9 18
3 1
24 28
29 19
23 15
14 3
3 16
6 23
28 17
30 6
20 26
36 29
32 4
36 1
1 14
18 1
16 3
1 1
20 13
29 6
22 20
33 9
12 24
22 28
9 17
15 38
34 3
16 38
21 17
15 35
18 19
20 3
19 16
21 1
30 22
16 31
25 33
22 9
18 14
16 28
36 7
14 29
35 35
14 18
35 33
35 9
23 1
12 17
33 32
33 31
10 9
7 2
29 11
1 1
22 35
18 21
5 28
12 27
34 16
30 18
18 13
4 30
30 31
6 1
18 29
29 33
29 30
19 3
30 26
3 13
24 8
8 9
16 30
36 26
30 19
8 27
23 6
25 5
19 34
35 34
12 10
10 12
2 13
26 21
33 25
24 8
21 33
21 12
26 18
9 19
0 17
3 11
7 30
17 38
11 28
8 19
35 21
30 20
11 13
3 20
11 21
13 1
22 1
2 13
34 35
28 32
36 35
2 15
31 1
25 4
16 9
4 5
14 35
17 29
17 16
18 28
24 25
35 32
36 13
15 8
18 38
25 12
5 32
31 19
2 15
4 2
35 12
33 17
6 12
19 20
27 27
27 32
22 6
23 15
16 26
11 28
21 2
21 28
34 5
13 13
4 30
30 30
22 18
24 10
2 10
2 34
22 34
27 22
31 1
19 9
31 2
14 21
3 27
2 20
22 20
20 24
32 23
2 10
21 8
19 23
12 12
13 22
25 26
4 34
36 24
17 1
13 28
36 23
20 30
15 1
22 26
35 30
7 7
15 5
25 22
8 6
22 31
30 28
18 16
7 30
7 16
21 2
16 0
14 7
32 9
8 6
2 25
5 15
36 26
31 10
28 15
12 4
10 28
28 34
35 24
10 18
33 27
9 8
16 8
32 24
23 18
27 31
16 2
31 18
15 31
1 5
1 6
20 26
4 27
24 22
19 10
24 4
18 28
35 24
1 32
1 18
10 22
30 27
5 19
15 27
31 15
11 30
33 29
6 22
27 4
32 34
17 33
6 1
1 11
7 6
32 3
10 7
30 18
19 12
11 2
17 23
31 18
10 1
14 23
23 23
26 22
35 16
22 3
4 24
14 30
11 25
2 27
27 29
12 4
33 17
1 9
25 5
22 3
3 2
32 4
8 32
1 30
7 6
26 12
12 16
10 28
29 27
29 2
4 19
19 14
31 10
14 19
21 1
5 12
10 25
20 30
26 27
31 22
17 9
21 6
22 24
1 34
13 4
28 5
15 24
12 8
20 4
29 33
7 8
20 16
13 23
33 16
18 27
34 33
3 6
33 31
11 3
19 19
7 31
11 5
36 24
11 18
6 26
29 21
33 11
31 25
10 20
13 13
19 24
22 22
22 1
19 6
12 33
2 33
4 8
26 4
12 18
10 5
36 1
11 27
22 6
9 20
9 25
4 34
17 5
9 12
18 17
20 28
25 25
8 13
22 25
19 38
33 13
18 3
16 9
18 18
10 9
13 28
27 11
14 17
31 8
11 34
4 27
25 30
26 10
30 17
13 17
24 6
20 23
15 22
0 31
16 5
13 7
8 19
15 13
20 22
16 19
10 18
9 25
5 22
25 28
2 19
23 4
33 21
34 3
20 2
4 7
5 28
9 18
30 17
26 30
30 29
25 9
3 11
27 19
25 21
25 21
10 11
5 30
2 13
20 28
6 18
3 3
20 15
32 4
20 16
30 14
34 23
9 6
22 29
22 2
32 32
14 33
14 8
27 6
12 7
12 27
32 1
24 31
17 14
9 18
3 34
28 33
17 13
13 29
26 3
24 4
31 5
17 29
19 25
3 2
34 18
26 29
33 35
11 34
33 1
20 27
20 13
1 34
10 20
26 17
8 3
9 26
9 34
15 21
1 16
3 9
13 29
30 32
30 33
27 21
1 17
15 3
20 38
8 15
16 17
11 24
28 15
31 16
20 8
26 33
7 9
18 2
21 25
30 10
12 6
30 21
26 34
15 35
34 21
4 11
19 19
9 24
20 20
30 31
3 27
29 4
11 2
16 23
25 13
26 19
14 18
11 5
31 15
25 28
5 18
14 20
13 30
29 6
10 30
36 11
11 11
14 13
7 27
27 28
21 32
24 9
20 1
36 7
2 31
4 17
19 28
11 6
35 24
36 6
1 27
18 21
19 30
18 26
24 11
26 20
13 35
35 21
6 17
33 34
22 33
32 28
25 35
30 6
34 23
27 8
21 31
11 10
30 1
10 34
5 34
17 27
13 30
11 8
19 7
7 20
8 11
19 8
17 3
3 34
4 23
19 21
36 4
23 8
23 27
16 24
9 28
11 24
25 23
14 2
27 30
30 13
30 22
24 19
9 27
8 11
15 30
34 20
16 22
4 21
22 16
19 29
27 26
23 4
23 22
16 24
2 16
13 15
4 31
8 30
5 16
31 9
27 15
12 9
28 13
6 35
34 20
13 20
2 34
21 8
24 19
21 38
8 21
21 17
7 25
32 2
26 15
25 23
30 3
24 7
11 6
8 15
6 5
36 8
31 19
15 5
10 20
20 34
15 29
22 9
34 21
25 10
21 16
27 35
13 3
11 29
30 17
17 2
2 35
34 18
29 10
6 22
21 26
25 19
28 31
24 2
21 17
34 31
31 34
5 6
35 2
5 9
25 17
19 26
26 2
14 34
20 14
8 21
10 29
27 16
33 25
9 9
29 35
28 9
34 6
34 23
12 6
28 5
4 31
31 18
30 13
16 26
9 1
22 2
5 8
28 22
22 38
4 21
1 10
13 31
12 18
23 17
2 28
23 38
33 19
36 25
5 10
21 11
27 9
13 13
35 14
3 5
32 5
2 28
16 17
4 11
19 7
10 14
34 35
5 9
31 3
25 27
25 5
33 16
17 16
21 1
15 12
34 16
31 23
5 9
4 15
5 7
16 14
16 10
29 26
33 31
2 9
20 2
33 6
20 7
14 21
17 35
9 29
16 11
6 11
13 32
9 13
23 24
19 2
21 28
34 29
9 16
9 25
1 5
18 17
8 23
20 31
17 9
31 21
25 24
30 5
26 24
35 26
29 16
25 9
17 4
11 23
21 30
8 28
19 31
33 5
13 32
15 19
10 8
20 33
10 28
25 11
24 6
4 29
31 17
11 33
6 11
11 11
12 3
34 2
8 23
19 18
15 29
3 9
25 4
8 15
19 12
30 13
22 8
21 27
36 25
4 25
24 20
1 4
10 11
28 16
36 3
32 20
16 7
7 25
6 6
32 7
27 22
18 2
19 4
4 18
23 8
22 25
30 27
34 22
12 16
17 12
3 13
12 35
34 18
7 22
8 7
23 17
17 25
1 10
5 22
32 18
7 14
9 17
25 32
18 22
18 9
2 7
25 35
23 13
17 30
9 5
20 3
18 14
12 29
7 21
34 16
28 3
4 9
13 1
2 16
28 34
3 24
20 26
2 13
35 16
22 27
21 15
21 35
11 4
32 28
24 38
23 10
6 6
5 14
8 16
28 34
28 23
34 1
8 22
28 33
34 14
30 23
18 22
20 8
12 9
33 4
14 24
34 26
8 23
27 15
11 1
17 33
27 25
35 8
15 26
34 11
4 26
2 27
16 22
31 16
12 8
13 18
27 5
21 19
25 38
27 32
20 12
22 5
14 5
11 9
2 31
19 23
36 3
24 9
34 26
31 20
11 20
16 3
6 18
3 11
36 14
12 6
35 4
26 31
32 25
28 1
5 35
3 27
34 15
32 9
4 35
5 27
7 34
22 26
17 20
8 25
14 28
34 28
1 27
30 8
21 23
22 17
27 27
32 20
3 19
26 34
27 13
33 15
25 11
12 35
1 8
1 33
23 31
21 9
22 9
26 38
5 7
20 17
12 21
1 34
4 34
1 28
8 1
11 23
10 35
14 11
16 34
28 19
2 4
4 27
13 25
34 27
31 35
32 19
6 3
24 10
28 5
24 7
11 26
31 6
25 26
30 14
30 2
13 7
20 15
12 15
29 21
13 14
3 17
0 10
2 30
3 30
34 32
1 32
24 25
12 3
29 23
32 23
33 4
12 31
15 5
16 6
3 26
24 24
31 14
31 6
4 7
27 18
5 31
19 9
27 38
30 17
4 9
31 15
2 14
32 23
18 17
5 9
8 24
8 24
36 4
27 18
23 8
35 13
23 23
6 24
27 19
27 29
34 23
34 20
28 23
35 1
3 21
35 25
26 35
9 26
31 30
22 2
29 28
19 23
33 28
7 2
34 20
12 4
18 4
12 35
10 5
9 15
30 29
10 2
4 33
17 18
5 28
18 3
6 22
34 14
17 13
13 29
8 20
30 13
5 7
2 31
30 32
33 34
7 28
18 25
7 35
15 9
14 11
17 17
34 8
11 3
30 4
33 29
9 20
12 27
18 14
9 34
5 5
17 20
7 10
10 8
16 30
20 9
28 34
29 7
17 12
8 30
28 39
23 5
11 12
14 25
1 23
35 33
28 34
32 5
1 17
27 30
33 23
13 9
17 6
36 12
36 12
25 4
3 6
0 1
22 25
24 21
4 12
23 23
24 35
6 9
25 35
29 10
2 39
26 22
6 2
4 11
12 28
8 15
29 29
11 10
6 19
11 8
36 16
31 16
7 14
0 9
28 18
34 20
15 14
6 27
24 34
23 33
35 29
20 13
34 8
27 25
1 19
3 16
3 29
36 32
20 7
3 27
21 15
6 14
6 2
11 19
31 1
19 12
21 7
30 32
21 14
16 16
27 16
12 15
15 15
8 25
30 13
21 18
34 22
5 19
16 13
18 11
16 10
24 21
25 7
16 24
36 17
12 12
26 14
25 9
18 20
30 17
30 20
36 28
26 33
35 3
4 25
21 29
10 13
23 6
4 20
15 7
16 33
24 35
7 17
30 24
10 35
6 33
29 34
32 28
17 3
8 6
4 16
1 7
7 15
6 14
13 11
31 6
15 33
36 28
21 21
14 12
22 1
25 34
11 7
34 4
20 25
5 23
2 8
18 9
25 24
12 6
7 28
22 16
35 29
34 20
23 1
1 15
16 33
20 15
17 17
1 3
7 24
4 12
27 18
35 25
32 28
3 20
24 17
9 4
1 17
22 10
17 28
10 25
2 19
21 4
20 6
20 17
30 19
14 14
19 31
26 9
27 17
18 19
33 20
33 23
15 26
26 31
11 6
21 16
30 12
29 12
29 34
1 15
35 23
25 2
10 28
20 9
32 29
3 21
3 1
22 27
16 1
2 19
21 25
30 12
18 8
3 4
18 9
32 26
22 6
19 27
23 24
7 7
12 2
18 33
9 2
36 7
21 15
8 4
11 20
11 35
31 7
35 28
9 20
31 11
16 30
10 17
32 10
2 10
13 2
18 6
1 17
11 1
24 16
5 33
20 27
32 4
27 17
33 25
6 20
11 11
32 26
25 29
26 26
8 7
5 23
28 7
36 32
22 11
5 21
22 13
29 17
27 20
29 27
11 18
19 29
1 8
22 28
7 35
36 33
14 6
12 5
30 29
35 20
10 34
4 20
34 10
24 33
33 30
28 22
15 29
4 18
9 28
19 13
3 39
31 27
9 29
35 7
17 8
33 25
3 5
10 22
23 6
0 14
35 9
22 11
13 13
18 29
15 24
36 15
21 32
12 25
31 33
9 6
12 8
25 20
13 29
35 33
10 24
10 5
13 6
7 12
16 32
35 5
3 2
4 10
33 23
7 39
31 34
19 31
8 34
22 5
36 30
19 17
5 16
19 26
36 29
9 25
7 7
25 25
3 12
11 15
5 13
12 16
4 7
5 13
26 11
15 9
16 15
21 1
34 7
29 14
27 7
27 25
9 13
11 4
7 18
11 1
34 19
34 26
7 29
10 3
19 12
24 23
12 2
3 7
7 12
30 34
26 12
25 11
6 6
33 33
34 3
6 39
27 9
36 15
24 27
35 13
20 26
26 28
5 4
22 21
13 8
20 20
1 21
21 20
16 1
27 28
31 32
10 20
11 16
35 29
23 26
11 23
15 12
6 3
25 34
36 13
4 13
23 33
30 11
0 30
21 11
5 28
3 14
11 12
10 4
24 32
33 32
15 24
31 1
33 1
32 30
4 39
25 15
19 23
32 11
11 34
9 19
16 33
26 10
5 20
17 5
6 30
26 12
12 20
18 19
26 5
28 12
34 6
20 1
31 32
13 29
20 33
31 30
1 18
36 6
30 21
21 23
6 18
8 19
3 34
33 28
35 11
33 35
30 30
26 25
17 34
9 21
31 23
13 8
10 3
19 15
12 18
26 7
5 8
22 26
5 39
8 13
35 26
10 18
1 5
11 8
35 19
28 15
33 31
32 5
32 20
2 30
35 9
28 1
28 1
3 23
3 7
28 9
7 1
29 16
27 12
11 3
13 16
31 26
29 18
22 8
36 27
35 15
2 11
9 6
17 30
22 33
8 13
12 2
7 6
5 16
7 19
12 23
28 30
23 4
8 13
20 23
26 16
12 9
11 6
19 31
10 12
2 2
1 2
18 6
29 7
12 8
30 3
1 21
1 13
18 8
29 17
27 11
20 35
30 30
22 26
33 39
6 33
20 17
3 32
23 5
32 31
1 29
28 5
26 17
4 8
25 19
13 8
13 1
9 1
31 15
2 11
35 26
33 26
27 12
17 24
24 32
32 26
32 29
28 28
6 29
29 28
2 8
7 9
27 3
7 3
34 34
5 9
24 6
22 29
12 33
27 31
23 35
7 14
6 32
28 15
15 12
32 29
9 34
23 32
24 18
32 23
15 9
7 23
12 4
36 27
2 7
18 5
19 20
3 19
27 9
4 13
5 19
1 3
16 26
24 12
20 18
33 13
15 23
19 6
27 18
31 16
33 8
8 5
34 39
17 12
27 14
33 15
23 14
5 1
32 8
36 9
25 8
14 33
2 14
28 23
36 11
14 19
24 8
26 20
35 14
19 16
23 26
21 3
30 23
36 6
36 5
31 9
31 14
27 20
18 25
32 2
31 27
4 30
25 1
0 5
32 27
31 6
30 2
32 6
31 7
13 32
10 4
20 14
17 25
19 26
6 10
18 31
3 17
30 20
25 33
25 7
35 7
35 12
28 9
22 4
31 7
28 25
15 23
10 12
17 20
7 33
9 22
5 2
28 1
35 13
4 27
19 5
22 32
14 17
14 3
32 2
33 34
2 9
18 31
12 17
21 12
18 5
33 9
8 39
3 11
11 25
12 27
1 20
7 27
7 17
1 11
16 34
20 17
10 15
28 5
29 15
10 6
22 17
3 22
7 22
34 24
14 18
28 1
24 8
25 19
10 33
4 3
31 18
33 5
26 2
26 31
7 33
30 13
24 18
22 24
23 11
9 39
35 27
36 32
13 3
15 8
9 32
25 1
32 35
28 4
24 2
13 14
6 8
32 22
1 23
11 32
4 21
18 7
19 17
28 10
30 29
33 17
13 33
19 13
12 28
12 26
36 8
34 22
9 22
12 30
23 20
26 3
10 10
14 14
32 39
11 20
1 6
24 13
31 25
1 9
18 32
6 10
17 34
25 28
3 4
19 11
7 22
36 31
19 19
34 22
18 4
33 31
19 1
16 15
30 7
1 20
14 18
4 25
27 11
29 24
26 28
26 16
26 11
15 11
16 18
36 16
25 23
11 18
10 4
32 16
31 39
30 5
20 19
33 30
3 31
16 14
27 24
3 14
5 16
33 5
32 12
28 30
3 33
26 19
12 4
2 4
35 39
12 23
26 33
1 11
3 19
10 18
25 32
3 30
12 6
17 29
28 29
17 19
25 9
26 4
6 17
25 12
9 31
9 2
35 6
5 25
15 14
32 24
21 17
16 17
34 22
35 14
16 16
33 13
14 35
6 16
19 22
32 26
4 20
19 26
18 21
19 20
12 4
34 12
28 2
20 12
10 30
32 16
16 10
6 1
14 13
29 10
14 19
17 6
18 21
13 22
21 24
9 21
31 25
7 28
15 5
10 32
30 28
20 5
3 21
11 22
22 2
7 4
26 19
35 4
15 4
9 10
4 28
10 31
24 21
28 19
7 13
33 26
28 11
13 29
13 34
4 12
11 18
20 9
2 9
29 34
27 10
35 30
26 6
34 25
15 31
36 39
6 12
33 33
14 15
18 11
2 20
15 21
32 14
31 3
34 19
21 2
17 29
11 2
36 10
1 22
28 1
33 12
26 32
15 33
23 14
23 16
22 31
28 6
25 19
8 18
19 24
29 13
11 7
24 25
6 6
18 4
35 3
4 13
12 23
35 18
17 32
31 3
30 6
24 22
7 6
28 21
22 8
28 25
22 30
34 29
19 5
15 17
8 18
10 33
1 31
1 5
25 28
6 23
31 14
12 27
1 2
28 35
6 26
35 33
10 24
24 9
34 10
7 9
2 30
17 27
3 7
35 12
0 29
30 13
15 1
12 34
7 2
17 31
23 2
30 12
28 14
15 12
16 11
34 31
35 13
3 2
17 5
29 8
18 6
17 8
18 33
35 10
2 13
36 23
36 2
28 8
7 22
3 33
30 19
25 26
32 16
34 1
23 31
21 9
28 19
2 31
13 20
6 1
20 6
24 16
32 15
10 39
32 8
34 9
14 1
6 13
23 32
9 17
28 6
29 23
36 18
33 8
23 2
30 18
13 10
6 25
30 4
26 23
18 1
2 1
7 10
24 9
22 5
5 12
5 31
17 26
23 14
24 7
3 12
31 24
11 8
29 26
29 27
33 3
28 3
12 27
5 16
6 22
5 1
24 14
10 5
32 18
12 33
20 21
12 3
27 11
4 21
24 24
19 15
14 10
14 33
13 31
13 3
11 12
33 14
34 10
29 25
16 24
17 32
13 12
4 1
17 24
24 27
12 5
26 30
2 27
28 35
6 10
28 26
13 15
33 35
31 9
4 6
12 19
32 5
17 30
29 29
2 6
21 17
15 29
14 22
7 17
9 21
18 28
13 21
34 20
14 15
28 33
5 7
17 16
6 20
31 19
31 35
13 20
23 7
9 27
10 10
11 4
14 30
10 24
4 24
12 13
19 27
19 22
34 4
16 1
7 18
31 12
30 23
18 33
4 4
20 34
24 18
9 11
1 22
16 14
28 16
5 13
33 3
31 21
1 9
15 13
12 12
30 1
17 8
36 18
7 10
17 35
36 25
7 7
14 9
13 28
11 2
32 15
28 28
23 27
17 13
16 9
25 20
25 3
36 31
36 27
34 33
21 22
32 11
2 5
26 22
13 23
18 13
11 12
24 31
30 17
19 13
22 27
32 25
24 4
16 23
21 23
15 13
25 29
32 5
21 17
11 39
14 13
12 15
15 21
13 5
8 25
18 29
4 17
5 35
30 39
12 22
23 22
17 26
2 26
22 28
27 9
17 30
10 16
30 5
15 16
14 12
28 6
4 11
10 13
18 10
24 6
26 30
15 16
22 7
19 19
29 39
6 3
26 29
26 7
17 19
10 33
14 12
29 16
14 5
26 25
26 9
18 2
30 15
26 17
22 7
3 34
7 27
31 14
10 29
36 22
21 34
11 32
30 2
8 18
13 9
24 1
23 31
17 8
28 27
24 28
4 3
32 30
1 12
16 12
17 28
15 20
15 18
29 32
18 16
29 6
30 10
36 10
7 29
12 23
16 4
2 32
31 18
14 24
3 16
3 18
12 39
19 32
14 10
22 10
19 24
4 19
34 19
22 21
16 17
19 30
7 28
32 15
11 11
18 29
7 11
26 25
22 23
35 3
22 7
6 30
32 29
27 3
35 16
15 29
24 28
21 35
16 18
35 10
32 22
13 24
5 29
6 15
9 22
23 3
32 22
35 29
32 17
21 29
16 31
25 32
9 16
12 9
31 12
33 12
22 34
31 21
7 19
3 12
2 18
25 18
25 1
33 27
4 34
23 15
8 11
11 17
11 32
15 8
0 4
11 24
32 20
10 30
23 29
30 15
34 18
25 13
2 14
32 34
13 12
14 25
32 10
12 5
4 9
3 30
25 29
33 7
22 23
35 32
12 13
25 31
23 19
12 35
19 17
32 11
33 14
32 1
19 9
5 2
26 13
7 31
30 20
24 33
34 22
21 33
22 31
15 15
11 3
1 10
13 8
20 1
8 27
10 9
4 23
31 27
3 28
25 5
18 13
8 30
17 12
32 13
32 25
13 39
18 5
23 8
10 5
17 20
11 6
5 32
24 3
5 24
22 33
19 7
0 2
33 27
21 18
30 9
19 5
35 14
35 4
8 7
21 17
5 21
1 18
2 25
7 28
14 20
10 35
4 12
10 13
33 22
20 18
22 13
8 13
31 21
12 12
6 2
27 22
32 31
36 4
9 9
2 30
31 4
26 14
27 35
29 34
34 25
7 9
6 7
1 12
19 7
28 10
24 22
25 3
20 31
25 23
10 28
34 5
3 10
21 30
25 2
27 15
30 14
24 30
30 24
28 3
4 1
32 32
33 29
1 33
27 23
25 29
26 2
1 7
9 10
25 8
14 39
30 24
28 29
15 14
29 6
26 24
11 22
7 34
4 16
27 10
23 11
16 5
28 18
15 12
26 27
19 12
8 23
27 32
31 11
7 3
4 7
1 32
5 30
34 33
36 20
18 3
32 29
4 20
33 32
15 34
30 25
30 34
27 25
26 29
4 15
14 24
15 7
12 20
22 24
1 14
7 17
14 6
26 3
2 33
19 27
34 7
15 4
3 33
10 7
32 31
35 8
19 18
19 4
8 11
11 8
12 26
28 8
33 10
18 34
30 31
19 10
12 2
27 31
4 19
12 3
29 24
1 16
15 2
0 20
29 10
35 13
21 30
23 35
18 15
12 28
28 31
2 12
33 19
22 19
28 19
1 2
5 30
7 25
7 20
23 13
1 11
30 34
23 12
30 23
23 27
8 15
13 32
13 16
7 5
17 21
15 13
29 26
26 24
8 9
34 15
14 8
12 25
35 19
19 11
15 6
18 15
33 17
29 5
36 30
16 33
9 9
19 34
4 4
36 9
28 23
7 16
23 2
3 29
31 28
4 28
22 22
13 4
15 28
11 2
35 7
14 3
19 34
8 14
11 7
32 28
36 35
33 23
8 26
32 8
5 31
18 17
11 28
31 4
31 19
23 14
22 24
20 25
8 26
8 7
30 2
16 14
10 10
22 30
0 2
29 32
15 39
13 1
25 24
21 32
1 24
25 15
21 9
7 33
2 3
29 26
20 31
21 7
26 25
2 11
12 1
11 20
18 15
6 14
1 20
14 15
6 27
27 31
11 13
33 25
16 39
32 34
1 11
32 11
14 14
28 13
8 3
21 8
27 32
8 11
24 22
33 6
14 17
21 4
34 35
23 26
20 11
36 17
10 10
27 22
18 5
12 9
26 3
36 19
10 10
16 3
29 25
9 27
13 6
22 16
4 35
25 12
19 5
23 16
28 32
7 13
2 7
12 20
10 32
22 8
14 7
11 9
18 1
6 20
17 9
27 20
34 18
24 25
9 33
9 27
10 13
18 18
25 13
7 17
24 14
9 12
12 28
17 5
17 39
21 5
27 23
24 2
23 6
14 16
5 17
24 11
27 13
34 33
6 4
15 22
18 39
26 12
29 8
32 15
34 17
9 7
18 31
30 2
4 21
15 33
2 8
15 16
7 34
7 28
2 3
8 28
22 10
27 19
2 22
21 7
36 25
12 6
14 22
2 25
26 35
20 26
19 39
8 32
3 23
3 8
6 16
15 27
16 18
26 16
20 20
8 15
21 18
9 6
29 17
30 6
28 24
31 24
7 13
16 10
20 12
24 23
11 28
34 5
20 5
33 28
20 39
5 21
26 5
8 2
0 3
13 18
23 25
26 10
23 34
1 24
35 18
17 31
18 8
25 10
34 16
30 33
23 12
32 22
20 23
31 10
10 31
12 14
6 5
27 24
14 34
15 22
3 25
9 6
34 23
24 11
33 34
4 6
27 30
14 15
4 33
22 30
17 20
28 8
12 6
1 24
1 9
3 31
14 4
20 16
15 2
4 12
26 29
20 13
26 6
24 31
33 24
10 20
34 15
21 32
10 22
4 30
20 30
15 10
21 28
29 21
8 9
35 9
27 35
28 14
21 14
10 3
27 4
14 2
15 14
29 18
21 28
21 28
20 7
32 8
34 30
1 13
19 20
32 12
13 28
21 39
22 39
19 19
20 12
3 13
29 31
26 14
20 9
36 32
2 6
19 35
15 35
26 12
13 15
23 26
10 9
16 22
35 17
24 7
4 19
23 39
31 24
29 16
14 29
27 27
11 19
18 27
19 33
19 4
24 15
17 10
4 26
12 30
26 23
10 13
3 27
23 27
20 26
4 22
5 18
36 19
20 22
19 11
12 8
35 5
29 25
8 34
11 29
19 22
17 19
1 23
28 8
26 29
36 18
30 31
8 31
28 31
11 24
8 3
25 34
20 19
15 27
19 28
14 8
21 27
26 21
9 34
7 14
6 2
24 39
24 35
14 10
21 25
26 16
13 11
35 33
35 6
23 14
18 20
27 23
13 28
27 2
34 3
8 10
4 10
5 8
2 21
15 4
34 13
23 24
34 17
29 1
10 19
15 21
23 7
18 6
27 26
22 33
2 13
20 35
25 39
1 4
4 7
5 24
17 33
14 4
18 14
2 23
19 10
34 25
18 29
20 5
16 28
8 26
10 10
18 15
24 26
15 27
31 33
32 8
14 12
6 3
19 24
30 7
26 18
6 22
22 28
10 8
33 12
23 26
21 20
6 21
8 34
21 5
31 32
23 26
2 15
2 24
2 1
18 10
26 39
3 32
9 4
6 3
19 16
10 29
4 10
20 27
26 4
35 23
26 6
10 27
15 20
5 35
7 28
13 1
2 11
8 29
20 6
8 21
23 30
12 26
20 24
5 34
16 4
6 19
25 4
15 35
23 28
29 7
8 6
36 8
3 31
21 33
24 26
35 26
34 19
25 22
4 5
2 4
5 16
33 18
2 16
30 9
1 11
12 21
6 4
15 6
21 28
29 33
14 1
1 23
32 30
28 2
23 25
23 26
23 5
36 7
36 11
25 6
11 16
5 5
18 30
2 13
25 24
6 5
14 32
23 31
34 5
33 31
15 14
17 9
12 8
20 11
26 10
16 13
17 17
14 13
31 18
6 29
18 13
36 31
11 19
27 39
12 19
9 17
20 19
19 14
7 24
32 19
18 11
32 30
35 20
33 15
35 20
28 4
23 26
4 14
6 23
13 34
16 2
9 21
33 7
8 10
22 23
32 23
12 32
21 10
28 40
4 24
23 11
28 11
35 29
7 21
4 32
12 14
19 2
17 3
7 10
18 25
10 24
31 21
13 24
2 29
19 30
21 14
13 31
21 22
6 6
27 5
35 21
9 22
29 6
31 15
14 24
25 22
16 11
18 5
33 1
26 30
8 21
14 28
14 6
35 16
25 12
22 22
33 15
24 22
25 18
24 3
9 20
28 29
3 12
3 35
2 23
34 33
21 14
3 34
5 2
4 4
25 4
4 3
2 34
1 8
36 13
3 8
21 6
7 13
35 14
8 10
33 4
5 25
34 28
7 2
13 21
8 20
6 17
9 34
15 1
27 14
23 6
7 5
26 12
26 1
34 30
6 29
20 21
16 31
13 31
22 7
14 29
25 32
0 10
25 31
11 34
31 25
30 28
19 5
19 32
24 33
21 13
15 13
2 34
24 25
12 28
16 23
31 31
25 2
28 24
12 16
34 6
2 12
17 11
32 1
26 19
15 19
2 23
27 22
17 27
24 20
21 26
5 22
24 21
31 15
6 19
3 3
2 12
24 18
22 22
21 8
24 23
14 14
9 27
4 12
28 12
16 31
10 1
25 8
33 5
29 25
9 9
24 31
15 7
36 17
25 11
4 25
19 26
11 5
13 6
6 3
34 8
31 4
21 1
17 34
22 33
2 27
6 9
11 2
7 33
27 28
28 27
16 28
12 8
4 17
25 16
2 25
15 12
31 3
11 4
29 35
9 2
31 8
22 9
24 34
22 1
17 18
12 13
25 5
3 14
12 27
31 29
30 1
27 8
14 4
9 33
35 11
34 13
20 19
26 5
6 20
19 35
16 17
15 34
17 18
7 30
3 16
10 23
12 11
33 17
1 31
20 21
30 14
31 15
7 31
4 9
22 20
3 17
3 3
18 23
31 12
3 35
17 35
11 2
1 4
8 25
18 30
18 10
25 18
20 15
33 12
18 13
8 21
18 35
24 35
23 35
12 10
12 4
12 0
34 23
12 3
35 26
21 26
28 5
10 5
19 13
34 34
9 18
12 3
33 33
28 10
10 32
26 15
35 14
10 24
23 5
13 35
10 8
10 24
2 40
35 23
8 7
9 12
2 26
36 26
34 18
17 5
16 12
29 5
9 2
32 3
22 17
14 17
27 20
31 31
19 28
15 32
13 4
22 22
20 31
0 1
27 12
14 32
28 16
17 5
22 8
24 29
15 18
3 22
15 19
9 33
23 25
2 32
21 5
35 32
10 13
27 11
24 14
18 18
14 29
30 27
29 1
27 9
33 26
4 25
33 30
14 32
13 32
16 2
28 13
6 31
9 2
3 7
26 8
2 17
32 21
1 24
23 28
11 15
21 15
11 14
15 6
9 29
21 7
15 4
33 16
11 21
6 32
4 1
22 14
15 7
3 40
28 15
14 1
12 33
1 5
22 28
2 17
33 23
1 25
28 11
16 28
8 33
7 40
23 30
8 9
2 10
31 19
23 35
1 20
2 10
2 26
25 1
34 29
20 5
12 35
7 34
28 27
16 5
36 3
11 3
29 16
20 8
26 7
16 35
28 23
5 33
33 15
26 30
11 17
22 32
34 33
26 15
7 11
22 31
28 22
18 8
0 11
32 17
5 10
15 12
13 22
2 19
3 25
13 35
18 14
24 3
36 31
31 6
19 11
10 32
31 23
30 22
14 13
12 4
34 9
20 15
29 7
35 19
12 5
26 15
24 8
16 9
30 7
18 17
9 30
14 15
32 14
16 21
23 7
23 34
10 1
7 8
30 35
7 17
33 12
36 20
1 7
12 22
2 6
8 19
28 17
14 19
27 21
23 30
18 35
26 23
11 25
35 29
32 13
11 7
15 10
21 24
9 25
8 8
18 20
35 14
33 4
36 35
26 13
1 29
21 10
17 34
7 20
1 8
1 14
14 3
19 20
13 5
29 32
4 33
12 15
15 8
3 5
29 34
18 19
17 6
17 11
15 31
4 13
1 17
12 8
11 3
21 16
28 12
13 16
22 21
28 11
18 2
24 3
2 36
10 13
2 32
16 16
34 34
16 5
27 4
8 12
28 24
28 16
14 31
6 40
10 6
28 23
16 32
12 33
7 6
4 26
36 26
10 31
27 2
8 8
32 4
1 30
5 26
13 4
2 29
36 22
35 8
28 3
11 7
6 18
7 20
31 27
33 28
29 23
21 32
7 21
6 1
17 34
13 22
34 12
25 23
20 27
26 13
25 25
26 34
34 28
7 27
34 33
16 19
27 20
13 34
17 24
19 23
10 16
24 21
27 18
34 25
28 31
24 5
2 2
19 35
19 18
28 21
6 15
25 33
0 11
8 16
2 30
17 12
2 4
4 27
35 20
18 7
8 22
22 17
24 17
5 12
13 24
16 10
24 1
1 4
36 22
30 11
35 19
35 11
6 24
32 28
10 22
8 21
34 28
26 22
36 25
7 4
7 15
25 24
14 35
19 14
6 23
34 30
8 14
32 23
18 4
12 7
26 13
7 1
35 11
7 36
6 1
33 5
9 28
33 21
16 11
10 4
31 22
29 5
3 15
24 26
17 24
27 35
9 1
29 30
22 12
12 32
31 11
13 4
21 15
3 33
12 13
21 35
18 27
4 36
13 27
35 29
32 21
25 33
15 8
1 26
4 23
26 28
5 13
28 19
19 10
9 27
20 34
36 11
7 1
15 9
4 32
25 7
8 10
24 5
15 19
10 7
10 4
8 24
22 19
7 13
16 13
29 25
35 22
27 5
15 27
33 36
13 10
21 11
16 4
6 21
29 8
25 17
17 7
28 2
14 24
8 35
12 5
2 3
14 16
6 33
14 21
21 32
21 3
29 5
2 14
14 18
4 14
28 5
16 20
33 9
5 32
3 32
20 12
6 30
36 26
10 16
36 30
19 21
6 7
18 16
23 31
36 2
4 11
3 4
27 33
20 14
31 17
4 12
3 2
26 17
33 27
4 30
20 31
1 32
4 11
31 24
36 11
33 8
24 18
11 3
36 14
15 21
12 24
4 33
33 11
11 18
22 8
26 18
23 27
12 35
11 9
23 31
11 1
2 5
36 25
18 28
21 7
23 28
13 29
11 29
9 12
28 9
36 4
17 11
29 33
31 22
8 20
4 40
5 1
19 8
9 28
11 20
4 19
11 19
33 1
1 26
29 25
17 32
13 30
21 28
36 31
13 11
8 25
21 1
12 2
3 6
32 2
2 13
20 29
13 2
14 10
10 6
36 5
22 9
36 15
30 20
4 34
22 24
4 16
17 18
34 4
27 21
32 35
4 35
15 20
7 9
7 17
34 27
17 23
32 3
27 33
25 7
10 16
25 18
10 28
14 31
5 6
18 22
4 32
8 3
29 1
8 34
0 8
2 35
34 33
24 11
27 27
21 34
23 31
5 14
8 14
9 27
3 2
18 4
31 22
34 9
11 2
15 3
28 25
13 31
28 27
5 6
18 10
5 29
0 19
17 31
29 20
19 9
15 22
31 32
36 5
6 13
8 36
6 7
0 32
26 27
7 12
24 12
4 28
8 33
11 31
14 35
5 15
7 26
13 15
3 14
31 2
9 4
8 26
24 25
15 6
14 5
5 40
32 36
19 20
28 35
6 1
25 5
2 26
32 32
24 16
9 13
15 4
31 29
29 33
11 33
16 2
13 7
1 16
5 12
13 14
27 32
25 15
7 13
8 25
25 27
33 14
19 23
30 16
35 34
7 1
15 30
22 11
19 2
15 31
30 3
7 33
2 3
3 22
35 2
6 27
18 17
8 10
5 9
25 6
1 2
28 7
34 1
13 21
21 11
9 19
16 16
24 1
5 11
32 11
35 36
3 18
30 35
22 8
29 7
5 17
31 31
35 27
6 16
19 21
13 19
25 32
24 20
13 9
33 40
8 31
25 8
20 7
33 33
34 2
33 24
2 6
7 35
27 10
8 20
36 23
30 27
35 11
33 11
33 20
35 14
19 29
31 24
24 31
19 5
23 3
33 7
18 1
25 15
13 3
5 30
10 28
8 6
34 40
25 18
9 7
19 8
12 6
30 16
11 31
34 11
21 26
22 9
14 29
23 33
12 24
30 23
10 11
11 10
2 34
21 11
18 31
14 20
6 7
27 28
9 10
33 32
20 34
10 9
9 32
36 21
31 34
20 24
5 4
8 40
30 8
19 21
30 16
18 20
27 15
33 30
18 6
23 19
10 25
9 40
30 15
25 2
7 13
12 22
35 31
29 9
11 29
5 13
21 21
14 12
18 3
9 31
8 15
9 30
33 22
31 19
24 20
28 12
12 21
21 13
11 10
23 22
12 4
35 2
23 16
34 29
33 8
10 28
31 3
31 34
30 25
24 8
28 6
32 40
22 16
35 12
11 21
24 10
7 8
10 17
17 29
4 16
33 26
28 22
35 31
18 12
21 15
15 30
18 16
4 10
2 7
31 7
21 29
12 10
31 28
36 32
3 24
7 25
35 11
9 21
26 28
15 21
15 22
28 20
6 24
17 14
23 27
11 1
16 19
12 11
32 15
20 7
11 30
33 22
26 32
19 3
15 24
12 8
21 24
30 24
8 19
10 30
26 34
14 22
5 32
7 8
6 17
13 20
5 5
30 3
19 2
23 30
29 17
10 27
33 26
6 30
3 26
17 1
8 12
14 22
3 18
31 40
22 25
13 10
9 12
13 8
1 12
11 13
2 17
18 28
8 28
36 28
18 24
14 1
32 33
33 10
13 35
14 3
4 7
12 22
23 25
17 21
5 31
17 24
1 25
22 32
15 2
15 7
26 22
23 13
12 10
17 4
13 25
5 5
27 4
18 34
13 24
7 13
9 33
36 3
23 28
15 23
34 29
1 31
20 27
26 35
14 11
13 30
27 2
19 17
36 29
27 20
27 14
5 9
32 29
35 15
1 30
3 12
35 40
3 27
22 14
20 10
5 10
5 15
19 28
3 19
2 10
16 10
17 9
7 10
17 15
16 17
32 13
15 17
22 11
21 24
5 15
30 8
14 16
27 30
9 16
6 11
3 18
34 24
15 23
35 25
16 21
12 34
23 21
21 17
30 26
15 26
25 34
14 17
36 40
6 24
33 30
10 15
34 9
12 17
20 8
34 24
15 9
28 13
6 35
33 32
29 31
15 31
25 21
30 33
36 2
34 34
19 12
10 27
0 16
18 8
19 24
12 3
9 30
36 15
2 23
8 33
0 19
14 7
17 21
12 7
34 27
24 12
23 10
36 5
10 40
15 27
14 1
5 27
33 27
34 6
2 23
15 10
16 27
26 21
19 32
11 40
15 13
23 10
5 25
20 35
5 25
8 13
32 20
14 26
5 29
10 20
30 30
17 14
11 27
5 11
4 26
30 40
16 24
6 5
28 10
5 18
17 32
12 17
32 17
22 5
7 0
23 8
18 6
18 31
33 16
6 10
34 9
27 35
9 8
7 20
6 2
34 2
2 17
16 12
18 2
25 33
3 7
34 24
27 15
12 33
34 34
21 19
14 31
31 26
29 24
35 10
34 13
23 10
28 11
1 14
13 31
9 10
5 11
29 17
16 8
16 33
21 14
8 23
23 33
36 16
19 15
24 6
16 6
13 14
14 30
1 28
16 11
26 25
4 28
32 15
22 13
19 34
14 6
6 18
12 22
31 20
8 20
26 8
10 24
6 8
1 22
27 8
24 24
5 2
10 19
9 24
22 27
12 5
2 28
10 22
14 12
7 15
28 16
0 5
35 5
4 13
8 30
23 32
30 30
7 11
35 30
3 28
1 30
1 18
4 33
19 16
33 3
17 20
21 28
33 29
0 19
20 4
15 23
12 30
21 5
27 26
27 2
9 18
17 16
4 9
5 6
4 33
10 33
17 22
19 6
35 33
26 4
30 2
13 21
29 33
29 12
15 19
32 14
6 28
3 25
32 5
10 2
2 18
5 16
30 24
7 26
10 30
11 31
18 33
30 5
20 14
17 14
11 16
28 21
29 40
5 32
32 9
12 40
13 22
7 23
20 9
3 10
6 35
26 18
3 4
13 40
14 21
13 20
33 28
5 18
20 27
17 9
7 16
4 28
11 21
7 10
28 28
28 32
20 4
14 8
2 8
9 31
14 17
1 12
26 14
4 2
23 13
9 25
5 7
21 35
19 23
12 24
27 31
7 12
13 16
34 2
4 24
21 6
30 33
23 17
33 24
9 24
13 34
21 2
1 27
11 8
15 4
21 16
4 28
26 34
25 16
20 1
9 19
20 3
32 33
9 4
14 19
25 3
20 26
13 27
13 23
10 36
14 40
14 26
8 18
13 4
22 10
11 26
1 8
3 6
15 10
15 40
27 14
7 7
19 7
13 12
5 17
25 16
10 9
9 8
32 29
9 27
9 23
27 20
18 13
2 33
34 29
11 5
12 1
30 9
19 27
27 26
21 31
34 24
19 30
24 7
14 3
35 11
10 16
12 19
18 30
34 5
20 8
8 30
26 34
17 8
21 32
18 2
17 7
22 14
4 9
29 32
16 40
27 24
22 9
4 8
5 21
27 23
31 30
13 7
1 15
21 12
27 20
14 8
31 33
25 29
21 35
20 2
18 14
29 12
16 22
18 10
33 25
16 24
8 27
6 33
9 19
13 9
16 20
19 34
11 31
11 22
22 14
6 27
19 10
25 32
5 29
23 19
5 26
13 4
28 25
28 15
4 29
11 8
10 22
13 14
17 40
18 40
24 12
7 26
25 13
30 9
15 9
0 15
8 31
8 19
24 10
1 33
18 29
29 30
26 9
3 26
4 4
17 22
12 11
31 20
36 27
19 25
23 9
25 31
36 27
24 14
20 35
14 25
27 27
4 22
2 19
24 11
23 34
16 3
8 13
29 5
31 34
36 20
26 26
32 32
25 30
20 24
28 17
13 14
19 3
12 17
5 10
21 11
4 2
33 24
24 4
3 33
25 21
34 17
32 4
13 6
23 17
17 2
14 28
23 19
7 23
9 22
21 16
17 4
15 8
10 35
27 19
27 22
31 27
27 29
33 28
19 40
8 32
2 15
21 13
7 16
5 20
9 33
22 19
30 36
22 11
15 25
22 26
20 18
16 15
23 10
35 18
29 28
24 17
5 21
17 25
24 34
10 17
1 1
13 1
20 5
11 9
12 17
22 5
8 23
28 19
27 31
4 6
12 10
10 31
28 6
21 12
31 24
33 18
13 18
12 3
25 8
27 13
11 15
26 17
25 23
32 7
24 33
29 2
25 29
14 20
20 24
34 7
1 7
9 16
9 15
10 32
11 31
24 13
14 35
14 10
31 35
13 34
7 33
33 35
16 13
12 14
10 10
31 7
12 14
11 32
8 4
5 32
31 11
6 10
16 33
32 32
14 5
14 9
15 26
9 12
12 4
22 30
27 10
35 31
22 22
30 31
10 26
19 16
4 30
21 7
15 29
30 4
13 20
14 7
9 25
8 16
18 7
15 11
20 8
32 21
22 28
29 26
23 2
12 35
27 8
24 24
9 24
32 22
9 3
19 13
14 23
16 2
5 13
22 21
35 5
25 1
24 24
28 21
18 13
33 15
21 3
31 4
9 4
15 9
16 12
5 14
19 22
4 14
25 4
5 3
17 19
11 23
26 1
30 35
23 16
29 16
25 15
29 5
33 26
20 40
5 1
3 28
2 12
15 28
31 8
35 18
29 12
31 29
17 33
15 28
5 31
20 3
29 21
19 11
29 32
12 7
26 8
4 28
12 15
2 8
23 34
29 28
11 17
25 4
1 11
18 5
21 40
31 22
22 40
26 9
3 3
31 17
26 8
8 14
23 40
29 24
26 17
29 4
34 12
19 29
5 1
15 35
4 25
11 12
5 15
3 14
19 35
17 32
17 23
24 40
25 13
9 20
20 22
8 4
16 26
22 15
16 29
31 35
18 23
23 11
35 28
20 13
6 12
5 18
20 1
20 19
30 17
28 0
26 3
25 29
14 14
5 20
26 18
31 25
2 26
13 29
3 22
4 19
8 26
12 33
7 2
7 22
19 24
11 14
25 40
3 27
17 15
9 19
27 3
35 35
7 18
22 1
12 12
25 17
12 13
4 5
35 1
21 10
19 19
15 8
34 26
15 11
21 31
26 40
7 28
26 21
22 18
26 13
13 26
5 31
28 4
34 21
10 17
20 9
15 25
6 4
36 22
33 11
1 29
35 18
0 4
23 11
12 7
17 32
4 19
1 10
11 16
32 35
4 12
3 10
21 24
24 24
33 29
30 1
33 7
9 33
19 1
6 24
17 12
0 6
5 34
27 18
2 15
22 23
9 13
12 17
34 32
9 11
35 34
14 33
1 31
28 24
12 36
4 2
23 23
6 26
31 10
8 11
15 20
3 12
23 32
15 25
9 32
9 17
2 12
32 28
1 23
25 18
9 15
25 20
2 7
18 13
8 12
17 7
16 6
10 22
11 28
7 35
20 34
32 28
25 16
9 20
16 17
9 29
9 35
9 27
29 35
7 3
31 20
7 14
27 34
27 40
13 7
34 24
4 8
11 27
28 41
11 15
16 15
1 14
19 15
10 23
14 36
32 17
21 30
19 1
35 30
21 33
29 11
7 2
28 21
8 27
6 6
16 6
28 17
14 7
26 30
13 27
35 2
26 19
35 33
5 35
15 16
30 12
19 19
5 15
31 35
23 22
18 19
34 6
13 23
30 18
13 32
2 6
11 1
33 25
26 2
17 22
11 3
5 4
27 3
31 19
14 13
13 14
27 1
2 32
18 35
28 4
19 23
29 12
6 10
10 14
17 22
19 9
26 21
7 9
2 41
18 18
9 21
30 24
3 32
6 13
13 24
36 33
7 24
15 20
18 27
24 4
30 17
11 17
32 15
23 11
18 2
11 7
17 35
1 4
28 2
29 3
32 27
34 31
23 24
15 30
29 2
31 11
8 15
4 1
36 8
3 20
9 3
33 2
8 17
28 27
30 8
2 25
12 7
17 7
25 34
19 31
34 36
32 3
9 30
5 16
7 34
1 26
36 12
8 4
22 6
5 32
17 20
1 34
6 35
10 12
30 25
7 13
7 22
18 11
9 15
1 10
20 14
15 11
21 19
10 8
21 16
32 8
10 3
24 29
7 5
16 19
9 23
21 6
29 3
14 35
28 29
8 22
3 18
21 12
21 2
14 8
9 18
22 20
10 4
26 1
30 10
23 26
17 27
17 26
13 12
23 15
36 10
26 9
36 36
16 11
18 4
9 11
18 25
18 31
9 6
1 1
18 10
6 2
29 12
8 20
11 1
16 7
13 19
3 41
2 0
26 29
36 7
10 18
20 21
26 12
8 35
7 30
14 23
4 22
25 9
36 16
23 24
8 2
20 12
33 22
8 24
10 34
33 33
6 7
1 17
10 5
27 20
13 6
14 3
6 22
9 29
16 9
21 10
16 31
15 12
26 17
12 35
1 32
32 9
9 32
9 33
19 21
2 20
3 17
21 25
13 8
21 16
24 32
14 5
1 25
13 32
19 1
8 1
5 30
12 29
23 28
15 32
1 19
29 6
8 35
33 16
17 20
23 19
32 25
17 15
16 8
8 0
4 2
5 5
20 14
1 30
16 32
29 8
14 16
29 19
20 20
11 35
2 19
17 6
20 16
22 18
5 30
14 23
27 35
31 19
7 18
34 5
32 33
27 6
8 2
26 9
35 35
19 14
20 22
26 27
20 11
30 13
34 24
26 15
0 13
25 18
6 8
14 14
23 24
30 5
25 7
21 20
32 22
19 15
25 33
24 24
22 34
23 9
27 18
36 9
30 21
12 1
9 2
14 21
14 12
19 2
19 14
28 21
33 16
11 5
16 28
10 16
17 5
23 3
0 5
28 3
3 3
3 2
30 25
14 4
17 25
35 7
30 10
8 34
26 4
18 13
34 26
5 17
33 18
21 9
3 19
32 2
12 31
7 23
14 33
16 14
30 8
27 31
32 3
32 29
21 3
24 27
4 1
12 34
36 18
9 19
8 23
36 17
32 7
18 28
32 30
10 17
16 20
15 26
20 33
1 32
7 41
36 2
4 29
2 13
18 2
2 18
19 26
29 26
36 3
23 16
36 12
9 3
34 4
22 34
7 12
31 25
17 23
13 27
31 30
19 33
15 15
15 35
24 34
35 21
21 10
28 13
12 25
2 12
11 4
33 21
1 28
14 3
31 7
30 10
2 21
13 22
2 30
33 29
8 35
17 26
36 32
8 14
1 34
25 27
23 3
10 24
29 16
5 4
18 3
23 3
18 7
32 17
32 24
15 28
3 31
13 25
10 8
3 11
24 16
9 21
2 9
33 25
5 22
22 15
11 35
3 17
5 6
16 36
33 15
16 10
32 34
24 25
1 26
21 35
6 41
29 3
15 9
30 32
32 10
22 7
16 17
31 19
25 30
34 16
26 33
30 23
4 18
36 34
35 25
4 28
14 7
19 6
30 26
35 3
7 19
6 33
34 21
24 3
21 26
9 31
3 10
27 34
9 16
2 11
7 1
29 6
9 17
7 7
23 34
36 9
26 13
34 24
14 2
7 21
20 32
7 13
33 9
31 26
16 21
27 1
24 21
3 33
14 27
15 9
33 10
9 2
3 18
25 15
20 35
29 25
21 13
21 12
18 15
3 31
34 35
9 8
10 2
32 12
30 33
8 17
2 18
36 27
31 14
27 24
23 16
15 13
12 26
14 25
19 6
18 27
30 27
24 25
35 32
29 28
23 5
32 35
25 5
18 19
8 2
31 31
24 1
12 8
32 19
7 5
3 7
15 30
25 31
20 4
22 4
36 30
36 33
3 25
7 35
17 29
35 31
6 34
2 33
9 26
15 30
32 31
1 19
31 34
12 31
7 26
33 35
31 6
5 31
12 33
9 35
33 13
4 32
2 7
5 14
27 30
22 16
8 28
18 23
12 4
34 18
18 27
23 4
5 14
5 21
6 31
32 28
9 21
34 6
7 23
22 18
14 3
22 23
7 21
23 1
10 6
32 18
4 1
23 23
12 31
1 1
34 15
14 26
4 41
14 4
34 11
34 2
22 3
32 28
3 10
21 6
11 14
24 12
35 9
5 34
3 8
35 16
16 30
6 31
30 16
17 24
14 19
21 11
31 19
3 32
35 8
26 32
34 7
34 28
34 18
31 35
30 32
6 4
12 13
29 26
32 13
27 5
18 33
2 15
16 18
32 7
3 21
18 36
22 11
8 17
36 19
33 26
4 0
10 24
33 9
21 5
15 20
4 4
8 9
4 16
25 32
15 4
30 10
9 22
19 32
1 15
25 34
36 21
30 12
21 3
5 19
18 12
35 15
29 31
16 26
11 7
9 15
32 19
4 23
9 12
0 12
29 17
15 35
33 23
24 35
20 11
18 19
25 14
20 36
7 9
8 27
24 7
2 29
29 5
35 25
14 21
1 15
19 33
9 23
13 21
22 36
5 17
2 34
18 16
34 4
26 24
5 11
4 20
24 15
4 27
25 4
11 14
11 10
10 14
25 19
24 31
28 35
20 1
2 14
18 26
4 2
28 30
35 21
5 8
35 4
18 10
11 27
26 35
21 5
13 26
6 23
5 41
21 10
29 26
5 24
13 24
29 32
31 34
6 34
6 21
23 7
18 12
30 3
4 23
29 24
18 21
20 21
34 31
7 29
6 12
20 23
26 7
27 13
9 14
6 25
16 8
16 2
13 25
14 7
8 4
2 6
17 9
17 29
11 6
13 4
24 36
9 14
11 2
3 35
1 5
11 3
22 32
36 12
2 25
31 21
21 16
16 4
15 8
25 25
30 9
4 4
15 28
20 33
20 10
5 32
20 32
26 36
13 1
15 22
23 20
21 4
19 10
27 31
29 19
6 11
15 31
4 14
13 33
27 6
21 21
18 33
15 8
25 9
23 17
23 32
28 32
15 16
30 34
2 15
8 5
19 4
35 24
34 3
32 24
5 4
7 15
16 11
17 6
27 35
7 6
32 20
16 4
33 33
4 25
35 4
25 28
34 35
28 19
6 30
14 11
8 31
8 12
8 22
8 33
35 17
26 10
24 1
19 2
29 21
32 9
23 23
19 12
15 11
9 6
30 11
28 35
13 11
12 34
29 1
10 9
13 18
21 14
15 5
21 8
22 5
2 10
17 33
25 9
33 4
29 6
34 11
32 1
21 10
35 22
13 20
29 13
17 18
25 33
9 5
13 23
15 1
24 17
14 23
3 10
35 3
34 20
15 21
2 5
19 27
9 3
21 20
15 25
28 9
7 20
20 24
20 25
1 2
5 9
11 25
29 34
17 13
34 9
15 16
29 7
4 27
32 2
35 7
6 30
6 27
27 21
34 7
13 23
21 19
28 1
13 2
8 1
9 15
11 31
13 12
31 13
35 18
7 10
3 17
3 10
3 4
21 34
17 25
6 13
7 2
6 6
13 33
21 13
8 1
6 11
6 24
6 12
17 33
27 33
36 34
12 19
9 27
18 26
16 9
34 30
5 23
34 12
35 7
8 3
17 35
9 32
36 24
17 13
2 14
24 4
30 13
1 0
33 41
19 20
8 4
36 15
18 2
35 33
20 26
17 27
26 34
35 11
13 17
13 7
3 26
27 30
14 29
2 23
16 21
33 24
28 31
14 30
19 21
34 41
14 27
3 11
8 11
32 12
32 9
5 4
33 30
24 12
25 30
15 3
23 11
19 8
34 10
5 27
10 21
33 8
36 1
13 27
33 22
22 31
32 10
2 35
13 23
22 7
7 12
35 5
9 13
29 22
26 6
9 13
30 11
13 5
36 21
19 27
5 24
15 24
18 32
31 8
22 24
7 35
15 17
12 7
18 24
9 2
25 14
20 29
0 12
4 34
12 10
7 15
3 32
35 2
10 7
25 27
11 9
14 7
19 30
1 19
17 25
7 3
26 22
16 30
29 23
34 15
9 6
16 1
22 16
1 24
7 1
13 10
32 16
19 1
5 33
36 10
9 30
2 8
9 25
34 19
13 29
19 36
18 20
11 30
4 35
29 30
29 30
30 33
23 19
26 16
30 9
3 20
11 7
8 41
13 12
10 12
22 23
22 20
13 24
1 29
5 27
5 8
27 29
36 14
31 8
4 29
24 7
32 29
28 20
12 34
28 4
5 25
23 12
6 31
31 18
10 1
26 6
25 19
20 9
15 24
5 29
30 3
28 3
9 14
23 22
7 2
22 31
19 10
26 6
35 28
19 7
12 34
19 30
31 17
3 20
2 16
22 12
36 10
14 3
4 24
7 5
24 34
7 19
1 27
18 22
3 29
12 30
22 28
20 3
5 28
20 18
3 9
24 12
10 8
10 29
11 18
21 34
32 8
3 16
29 17
11 20
22 16
2 3
30 11
19 6
15 7
7 11
12 20
11 30
5 31
27 22
31 30
30 19
34 7
6 33
12 26
35 26
8 29
1 25
24 5
27 34
11 30
32 5
23 2
23 34
14 8
21 6
9 41
4 6
28 20
30 29
19 5
2 1
23 28
20 5
7 22
27 34
13 11
10 2
29 20
4 9
21 22
26 21
31 22
6 18
5 20
15 14
9 20
27 5
7 11
36 23
1 9
3 18
2 35
35 28
13 1
32 23
15 17
32 24
27 16
13 27
13 21
4 25
12 11
7 17
36 22
1 31
35 1
30 5
27 15
29 5
8 30
36 31
13 12
26 5
15 32
27 10
15 11
14 26
21 25
2 18
27 2
35 34
3 26
8 24
6 33
17 22
28 32
31 24
32 41
28 14
24 35
20 10
23 33
23 27
12 27
14 12
22 32
7 5
33 34
4 23
18 6
30 17
11 33
17 30
12 12
5 33
2 8
31 41
33 27
12 33
18 12
29 34
12 29
33 6
22 23
36 22
15 8
6 25
31 11
25 21
25 17
3 14
27 24
29 10
19 25
29 9
19 27
22 7
24 30
34 27
3 14
23 7
1 9
18 8
23 8
2 20
26 8
10 6
17 12
21 19
10 1
14 6
21 20
1 6
24 26
21 20
10 33
3 8
26 10
2 7
29 16
29 18
33 22
24 16
34 13
35 41
22 31
4 14
19 29
3 19
21 9
6 12
20 29
22 13
10 8
16 10
19 15
33 28
29 22
14 21
8 25
32 17
21 35
34 17
3 11
20 33
16 27
23 31
28 10
2 15
33 14
32 1
36 7
25 31
1 25
7 18
12 1
1 30
24 9
32 10
21 24
17 7
2 29
10 4
15 34
3 3
5 5
34 18
35 22
1 13
11 15
4 18
11 27
25 25
23 21
8 12
8 29
22 22
30 19
1 9
23 31
29 22
25 16
36 41
18 30
4 11
20 26
21 36
18 27
21 25
27 10
36 17
27 31
19 10
20 6
6 11
10 41
2 4
3 33
28 3
21 26
23 30
3 21
10 20
11 41
12 14
13 2
26 3
23 25
8 34
23 30
16 20
30 5
21 31
28 11
10 29
30 41
6 8
27 10
26 20
17 11
23 29
35 28
36 19
33 9
14 20
23 28
16 3
19 2
3 2
11 15
4 5
29 41
28 8
13 18
30 27
3 23
28 21
21 3
30 11
13 34
4 23
33 10
9 7
29 8
16 26
12 10
2 28
28 14
6 32
19 20
23 3
22 16
24 26
32 14
25 27
20 22
32 35
23 1
15 30
4 21
28 11
6 25
21 18
14 33
33 17
22 4
34 10
4 7
1 12
15 28
35 15
26 28
10 19
35 6
1 4
24 6
34 17
25 34
28 30
21 17
30 20
14 21
12 7
32 16
14 34
15 3
2 6
22 5
4 24
15 17
26 17
3 34
5 30
10 12
22 12
7 32
22 10
6 2
16 22
7 19
18 2
5 28
30 26
26 29
30 20
33 7
1 34
13 31
7 34
14 34
6 15
9 23
3 15
15 19
23 29
17 15
17 1
26 30
23 12
13 33
33 13
4 19
28 31
16 24
15 2
23 12
33 16
5 28
26 3
31 10
30 33
15 1
3 16
19 5
31 22
12 21
28 36
1 4
5 29
25 16
30 12
13 2
7 32
9 20
25 28
27 25
25 32
31 25
12 11
32 16
28 25
22 26
10 33
16 11
10 14
13 30
8 6
32 32
26 29
20 12
7 35
8 14
6 8
16 30
8 32
18 17
10 30
16 33
25 34
3 1
34 23
26 1
3 21
6 16
25 23
14 6
14 34
3 23
19 7
32 21
33 3
19 8
30 26
8 29
30 23
26 27
1 14
33 34
31 30
18 23
35 30
7 31
6 23
18 21
36 2
25 10
19 0
12 25
21 16
7 32
3 6
26 35
17 22
31 3
24 12
6 13
32 9
21 19
29 9
0 33
11 4
11 33
10 2
4 17
17 10
1 34
13 27
4 20
32 3
15 5
8 26
35 1
21 34
21 9
9 9
8 5
18 23
17 21
4 30
26 8
21 11
19 21
24 3
18 26
24 24
12 41
15 13
11 11
22 29
6 25
34 14
5 1
13 5
15 33
2 28
3 1
10 31
3 6
34 17
33 20
6 18
12 29
31 9
8 31
15 15
12 28
24 2
22 31
34 10
36 33
32 14
24 33
22 30
8 3
21 4
13 41
27 7
24 6
3 21
26 25
33 17
23 30
18 33
30 4
20 24
24 13
19 24
19 34
25 8
20 13
34 35
35 25
35 34
25 30
6 23
9 34
1 24
27 33
2 11
25 20
23 11
7 29
31 27
6 16
4 5
16 1
30 24
23 29
6 14
29 33
10 15
2 33
10 10
20 10
8 5
3 30
20 24
33 22
29 1
24 6
19 7
28 24
12 21
16 15
5 29
19 29
7 11
17 32
36 12
23 8
32 14
24 13
15 27
36 34
24 14
9 30
8 22
12 25
16 18
27 18
31 12
24 9
36 23
21 19
13 4
5 30
4 23
23 33
27 35
19 26
28 33
31 28
11 22
15 6
24 21
4 29
34 14
14 6
8 14
3 1
3 30
12 3
32 15
16 6
9 22
25 10
9 8
1 28
1 21
17 21
20 25
29 23
35 9
27 2
9 31
27 17
32 11
23 17
8 28
25 16
31 7
15 25
14 26
4 26
20 13
17 13
11 3
31 16
8 28
26 24
25 24
18 22
20 31
35 17
12 2
3 19
25 6
21 34
27 1
29 26
26 16
33 18
32 10
28 10
7 10
5 34
22 14
7 12
29 20
33 3
35 10
27 13
26 18
9 23
6 19
11 26
13 18
4 17
17 20
36 6
22 4
21 7
4 3
28 32
30 2
30 10
0 12
35 33
32 7
5 19
15 18
3 9
18 9
26 31
8 1
9 14
36 33
31 13
34 25
19 22
30 34
29 35
8 27
24 23
10 1
14 21
4 25
0 20
16 6
9 14
1 29
11 19
12 21
18 21
22 27
21 19
9 11
7 32
8 10
10 35
1 13
32 4
34 8
31 10
28 21
6 10
21 2
27 1
25 13
1 10
20 9
32 25
5 1
18 20
19 29
27 15
8 16
29 10
3 13
33 15
6 28
9 13
15 34
8 14
27 5
3 14
11 5
5 21
6 33
6 19
20 3
33 27
14 41
17 6
1 1
30 25
13 24
35 26
9 11
11 17
32 28
23 22
33 26
3 17
7 1
26 21
36 32
30 23
30 26
36 4
31 6
28 34
29 12
13 21
21 33
31 22
17 19
35 23
8 30
27 32
7 3
24 28
11 15
24 28
23 15
26 12
31 21
22 15
24 1
10 17
29 22
21 22
18 23
6 19
24 23
16 28
1 8
30 7
5 16
26 14
10 3
25 32
29 30
35 28
35 31
17 7
28 5
17 29
4 22
34 11
35 24
18 14
14 22
1 31
31 28
3 6
9 1
4 22
21 20
28 4
23 35
13 35
29 32
1 26
21 4
33 4
15 14
15 28
18 11
13 9
32 31
34 7
31 32
30 24
20 33
34 34
13 24
3 8
3 23
4 7
10 26
1 21
34 1
33 6
12 2
24 18
20 2
19 3
2 14
19 12
13 5
16 32
3 15
27 24
22 17
19 2
32 19
1 8
28 21
12 14
33 14
21 14
2 27
3 4
2 1
25 26
14 4
3 10
28 33
30 26
28 4
31 7
25 2
10 33
1 16
30 33
5 30
29 0
16 35
13 17
34 16
14 28
1 4
8 8
18 18
24 15
21 33
25 5
18 30
5 10
30 4
7 28
29 15
19 8
14 13
8 17
22 31
19 32
11 26
1 8
22 2
6 21
17 3
30 27
9 12
11 10
35 29
9 25
16 4
31 31
6 34
2 21
14 33
3 6
11 18
24 7
8 27
15 41
15 22
31 33
11 4
11 17
32 7
16 41
21 4
3 30
21 21
2 21
12 30
11 29
33 30
30 30
20 31
17 41
14 26
20 30
13 32
4 17
3 24
10 23
36 28
36 26
30 20
20 10
33 35
19 19
28 25
14 27
15 34
13 22
18 19
2 8
24 34
35 26
21 13
1 28
35 8
3 15
26 28
21 31
34 17
34 10
36 20
35 12
10 1
26 2
16 34
8 33
25 19
8 17
4 10
28 13
16 11
4 21
10 11
36 12
17 16
15 0
21 32
1 3
13 1
29 3
1 23
26 11
31 32
4 18
18 35
21 33
19 14
25 19
21 4
21 20
34 31
34 1
34 4
11 32
9 1
16 32
15 21
3 15
19 17
1 20
30 29
26 7
34 32
31 20
15 26
14 22
17 2
24 10
28 35
27 34
32 1
3 19
10 23
20 8
19 21
15 31
2 28
19 6
25 35
2 29
12 19
36 19
25 3
30 14
29 31
9 8
36 7
28 11
28 23
24 33
31 30
23 28
15 15
8 18
5 0
1 6
28 26
16 27
33 33
19 14
14 9
3 3
8 14
8 30
21 7
20 9
36 5
34 35
4 16
3 32
26 22
34 10
30 32
28 12
10 17
18 7
25 21
29 4
12 9
3 28
20 11
2 12
27 13
9 2
6 9
33 19
17 35
18 9
11 23
25 10
24 3
1 12
28 18
20 22
5 33
9 2
18 27
26 17
2 24
19 3
27 3
35 19
11 25
28 9
20 17
23 34
2 26
7 3
21 7
14 24
33 5
21 13
6 9
31 26
27 12
12 34
27 12
28 17
23 20
3 8
29 11
6 31
19 25
5 16
25 1
22 35
15 10
19 5
22 32
2 32
16 1
5 35
26 11
11 27
10 26
7 32
12 22
29 20
23 4
24 18
36 18
33 34
14 18
2 25
28 35
29 19
18 41
6 17
31 22
23 33
34 20
34 14
24 2
2 13
19 25
20 10
9 31
36 7
8 5
16 13
13 24
17 27
10 14
14 10
31 7
24 16
32 30
11 14
15 17
19 41
5 24
27 2
15 11
9 34
21 33
5 2
11 22
1 15
12 12
34 9
19 29
13 8
2 5
10 35
25 22
7 31
6 7
15 25
10 15
5 18
34 12
16 9
5 26
11 20
10 33
12 21
21 29
6 4
16 18
24 32
15 34
12 28
24 14
32 5
33 1
11 12
8 2
7 19
28 6
23 35
2 23
27 13
32 32
1 33
7 29
32 12
5 26
7 15
23 2
18 33
25 10
27 8
7 16
19 24
25 21
16 11
8 22
4 25
13 17
26 4
21 7
11 31
35 22
4 0
22 17
23 19
36 22
14 25
11 5
12 12
6 15
15 6
1 21
30 22
33 21
14 6
4 31
12 19
23 18
10 20
1 30
26 3
5 5
18 15
3 11
11 11
36 1
7 23
5 12
26 15
20 41
32 4
16 11
20 13
17 8
12 12
29 34
27 33
14 18
21 11
2 19
22 5
23 6
36 17
22 12
14 1
26 8
10 34
21 21
24 30
18 18
2 4
0 25
32 17
36 23
28 3
14 7
21 41
7 4
22 34
31 3
6 23
23 18
25 35
13 2
24 4
2 18
4 10
35 32
11 15
21 5
21 4
23 14
26 9
17 24
26 35
24 15
23 5
15 1
23 7
13 23
17 10
26 19
3 1
15 17
17 9
4 29
27 13
7 6
10 33
1 6
4 4
18 8
27 22
23 25
34 25
10 30
9 5
5 12
27 16
30 34
31 30
29 22
1 10
8 25
8 25
14 28
31 28
29 32
18 15
30 21
33 20
21 27
7 4
27 3
16 10
17 10
29 33
11 10
29 8
30 5
31 28
32 5
23 4
34 22
35 31
1 14
16 4
9 8
16 30
27 12
22 15
18 20
24 8
26 30
7 16
23 4
1 1
7 24
13 26
31 27
5 26
14 13
17 8
15 26
8 1
3 35
33 19
34 34
32 16
25 10
16 22
19 6
18 16
22 9
32 32
1 12
3 34
29 2
16 2
11 27
35 5
28 16
12 27
25 5
29 5
5 26
18 35
24 8
31 20
36 1
6 13
21 9
15 17
14 22
19 5
11 28
30 1
19 4
3 20
5 20
27 27
8 6
30 22
28 6
23 32
19 18
11 35
8 15
26 5
11 32
21 31
4 12
36 28
22 24
9 22
1 19
13 19
13 20
9 27
35 15
22 4
2 34
2 8
17 11
10 16
36 16
22 41
32 26
3 30
11 9
24 14
24 22
14 27
27 23
36 8
13 30
14 1
10 4
32 10
1 11
18 6
26 35
15 36
29 31
9 29
28 37
19 19
18 5
16 21
17 17
14 2
32 29
23 6
28 18
2 17
18 11
16 34
17 22
10 18
23 22
19 17
19 31
7 8
1 11
19 31
29 16
16 31
36 33
4 12
25 12
24 29
14 2
11 26
8 6
1 21
23 20
33 14
14 6
29 30
6 34
23 2
35 27
2 14
28 18
6 30
9 11
29 11
7 2
29 22
12 35
24 32
19 17
3 31
5 15
9 35
28 34
1 30
21 24
7 31
10 2
11 23
22 28
22 23
22 27
29 23
14 22
33 29
21 30
27 28
16 12
31 4
29 3
8 2
34 17
6 31
6 21
2 37
1 1
15 30
25 10
11 19
35 30
17 35
34 26
20 25
13 26
13 8
32 26
20 34
5 32
25 30
18 7
16 32
7 34
32 12
17 2
18 11
31 1
15 23
19 4
35 28
29 15
36 27
4 1
19 32
24 5
36 26
13 9
7 11
23 41
12 7
11 35
12 22
18 5
20 25
32 19
28 13
4 7
19 11
20 20
13 31
25 34
12 31
29 21
3 29
10 26
34 9
10 3
8 21
31 15
23 15
9 14
7 25
21 31
4 18
6 26
15 23
4 25
16 31
16 20
32 35
26 24
36 25
29 24
27 15
3 31
5 26
9 24
29 20
21 12
33 13
24 5
22 10
17 35
15 25
34 3
9 20
9 19
3 20
21 1
25 11
33 23
34 7
27 12
7 23
3 12
22 35
33 30
33 15
25 6
35 6
18 24
12 16
16 9
11 31
16 33
18 35
7 13
11 4
6 8
1 7
31 33
1 28
4 1
22 1
31 32
30 25
36 30
27 9
20 12
20 35
29 8
20 30
15 6
23 27
1 19
19 23
28 35
18 34
1 3
9 14
36 13
16 23
22 27
22 11
4 15
16 33
29 23
11 9
0 17
17 14
6 24
30 35
2 2
25 17
8 32
24 25
13 26
21 9
21 16
9 17
15 29
27 7
24 18
14 7
5 19
22 35
30 14
12 25
2 25
7 23
8 10
19 33
13 9
32 13
29 31
36 9
6 15
3 25
27 5
3 29
6 26
20 32
13 9
18 3
17 14
7 24
24 29
9 33
32 3
33 25
20 4
24 2
25 25
14 18
35 11
27 5
22 2
18 24
3 15
4 30
33 21
31 23
34 6
35 20
14 13
15 3
35 22
9 26
9 9
20 18
25 15
9 13
16 12
7 15
26 28
15 35
18 22
36 9
24 33
14 28
31 17
31 8
27 32
22 1
34 14
3 30
3 24
17 12
34 26
12 9
1 20
7 37
34 5
32 6
27 14
8 16
17 11
24 35
20 35
9 7
7 2
4 32
12 20
27 34
35 30
16 22
5 8
17 19
21 14
26 20
19 13
8 30
16 34
27 4
19 24
31 26
8 34
29 9
25 7
29 11
22 33
1 20
2 4
35 25
15 21
16 5
33 13
14 24
8 23
30 16
20 24
20 28
25 30
13 19
10 31
32 17
9 20
15 31
11 32
27 18
12 4
21 3
35 34
32 25
29 10
4 24
8 35
24 18
8 2
4 15
10 23
22 33
35 17
31 16
36 29
32 21
18 4
20 7
8 12
9 16
6 26
35 22
17 36
6 20
31 9
18 30
26 18
20 9
2 31
13 31
29 11
4 35
15 13
16 1
4 18
24 30
6 29
21 18
24 41
22 14
24 25
35 31
27 10
25 41
19 11
34 6
30 18
28 27
12 31
28 22
2 2
17 5
12 24
22 25
11 21
16 10
13 13
7 9
35 12
6 14
20 3
30 23
1 19
31 3
34 21
10 12
29 15
5 6
30 7
35 20
5 21
26 41
6 6
9 7
3 6
18 4
23 24
18 20
31 35
33 19
26 18
2 20
27 1
29 31
27 5
10 24
25 18
4 17
33 10
32 28
19 15
17 6
32 21
26 31
14 4
11 13
21 19
20 29
34 24
22 14
7 29
4 2
6 22
33 7
16 14
18 35
28 31
4 23
35 19
12 7
10 7
25 6
16 23
31 11
22 24
22 26
15 7
22 7
23 14
12 9
27 1
18 9
26 21
9 28
21 7
20 30
23 24
19 4
5 25
14 35
15 12
28 35
31 14
16 25
17 15
28 14
27 25
22 29
14 27
14 17
30 18
25 12
14 32
22 3
2 11
9 25
3 9
1 6
28 26
24 3
10 16
13 16
24 28
12 29
19 4
1 5
21 34
2 11
29 5
28 17
13 35
7 8
22 9
32 15
11 19
17 31
27 13
33 8
34 35
4 35
9 4
27 41
8 16
36 16
7 29
17 28
22 20
20 11
5 10
15 32
23 32
3 32
14 8
11 17
27 6
11 16
24 29
25 6
29 36
32 20
16 29
11 13
33 12
27 24
28 42
33 21
8 32
23 34
2 24
30 22
6 30
2 29
13 10
11 24
16 13
25 5
21 31
15 14
13 35
1 32
16 27
15 12
20 2
10 27
35 5
20 22
9 14
25 29
25 24
26 2
18 27
3 7
29 15
32 6
15 35
26 27
26 16
4 22
4 1
2 42
3 28
7 19
3 6
29 24
9 20
18 7
24 4
34 17
12 7
22 3
30 8
10 34
36 5
4 18
35 19
18 31
19 30
23 26
28 28
6 31
1 16
7 15
7 8
15 21
8 27
29 1
35 5
30 17
2 16
16 24
3 20
30 4
17 10
26 31
17 10
6 33
11 28
11 31
33 11
35 18
26 24
28 24
21 2
18 5
29 22
27 23
22 12
14 1
16 29
20 25
21 11
0 15
10 27
15 8
27 3
34 5
34 33
11 29
7 10
34 32
1 6
30 29
7 21
27 12
22 19
6 28
32 34
1 24
16 28
16 27
19 19
16 12
33 9
9 7
5 24
4 14
9 19
10 13
14 12
22 30
27 11
27 28
9 3
12 24
7 18
25 23
3 17
24 5
27 6
15 1
19 7
13 36
24 13
7 23
1 1
8 7
29 7
25 3
28 24
10 8
15 1
13 4
36 24
10 5
16 33
2 6
36 32
3 3
20 8
14 34
26 10
21 15
13 8
15 18
11 33
10 17
32 23
10 27
17 10
23 9
14 32
35 17
27 4
32 8
25 17
28 24
36 19
30 1
19 14
28 30
22 23
29 16
29 7
14 8
15 33
33 13
23 6
1 34
5 12
30 12
22 1
11 22
33 29
36 8
6 23
7 19
29 22
26 5
5 20
15 10
2 4
1 20
35 28
35 31
9 20
25 27
35 23
3 42
32 1
2 10
36 19
32 25
10 21
7 31
20 11
5 19
1 21
5 26
15 15
14 1
3 33
17 4
14 17
31 28
22 27
23 17
33 9
17 14
2 1
25 9
16 12
34 16
12 26
25 17
3 10
2 35
17 7
5 30
7 27
20 30
21 15
30 20
27 15
36 13
22 5
26 22
10 2
24 21
14 31
29 18
11 18
13 11
27 32
16 6
6 15
16 29
28 17
3 11
12 30
23 17
32 8
2 11
35 29
6 28
3 5
35 17
34 23
27 21
20 11
11 9
13 7
24 5
22 24
19 13
15 7
32 31
11 18
10 11
11 35
5 8
2 15
21 23
7 42
29 29
36 21
33 28
18 27
6 42
1 20
28 2
33 32
23 29
33 12
28 6
29 7
36 24
30 18
7 4
36 21
3 33
6 9
16 35
5 35
11 29
10 11
4 21
16 22
20 23
29 30
12 1
3 18
9 7
9 8
9 13
22 3
6 21
27 24
28 16
30 19
21 9
17 6
11 35
2 8
20 33
7 12
29 3
13 26
8 2
36 4
10 1
18 16
2 34
28 12
3 1
13 25
3 30
15 29
16 17
19 10
21 15
17 27
12 31
17 21
22 7
11 33
14 21
21 20
1 21
5 33
28 11
24 34
7 20
18 32
2 24
13 19
19 27
36 18
32 26
24 31
29 7
33 15
20 7
17 29
22 32
9 15
15 10
7 3
7 14
17 34
22 10
29 34
25 21
24 13
17 9
27 5
27 13
14 22
26 26
36 19
28 2
23 18
25 23
18 3
12 10
36 11
4 4
23 5
24 8
33 11
15 17
4 42
6 16
33 10
7 9
5 1
23 17
3 34
1 12
18 30
22 25
36 8
8 27
25 2
36 19
23 14
10 26
4 9
22 13
8 20
30 16
26 23
17 17
16 7
9 6
4 12
14 19
6 8
4 3
24 10
35 35
35 5
12 24
20 4
20 16
11 10
28 9
12 30
29 23
36 20
36 17
22 22
25 28
1 30
34 28
14 19
14 28
30 28
18 29
12 29
33 6
17 13
36 23
6 3
8 28
25 16
30 12
19 33
16 13
0 7
33 29
29 24
15 5
6 28
2 5
12 1
9 1
11 35
32 20
1 4
15 10
34 11
21 12
23 26
0 22
32 21
16 19
29 29
13 20
28 20
19 30
4 16
9 8
10 5
9 24
4 24
33 20
14 5
33 13
22 3
27 7
24 10
7 20
8 22
16 5
9 3
31 2
18 25
32 5
16 6
31 13
22 19
3 37
5 25
13 33
31 23
18 33
22 3
16 29
33 34
25 9
17 32
12 11
17 19
2 11
23 4
33 13
3 13
7 9
15 3
3 27
7 15
24 1
7 25
27 19
31 28
17 10
11 3
13 25
6 22
34 15
14 18
7 19
26 11
32 27
13 3
8 9
8 9
10 19
20 13
12 7
6 6
16 24
18 3
16 25
22 12
16 27
8 17
21 29
17 12
28 26
7 5
23 21
32 9
32 33
3 28
27 21
29 19
13 15
29 29
10 25
30 28
32 13
1 22
28 15
34 28
25 2
13 9
26 13
20 35
7 7
5 42
4 29
25 13
5 0
30 11
27 26
28 10
34 25
29 7
3 4
5 3
31 9
34 8
20 29
16 1
15 20
31 31
14 3
5 17
33 42
3 12
32 27
5 10
7 24
34 42
6 12
12 21
35 21
1 30
25 28
22 24
25 27
9 33
25 7
4 33
5 5
28 15
34 25
21 25
12 6
11 34
33 27
14 14
26 9
18 5
12 26
8 8
28 29
13 10
33 20
6 7
4 27
24 27
15 34
17 12
14 12
11 1
30 3
23 18
24 4
24 24
19 30
36 25
8 1
11 32
23 32
7 21
13 1
2 7
33 5
29 34
10 7
18 23
10 17
13 19
2 21
16 23
15 31
12 25
31 1
29 3
24 30
1 31
9 33
18 1
28 26
26 23
19 28
26 25
27 9
12 22
33 35
24 13
16 32
10 13
10 14
7 20
8 8
26 10
21 18
1 9
8 29
23 28
32 31
25 33
23 29
8 42
30 25
26 3
29 14
27 19
6 32
19 5
36 5
1 8
36 5
2 32
26 18
7 34
22 10
7 26
33 23
19 3
8 3
15 23
34 16
1 27
8 4
23 12
28 31
4 18
34 7
20 3
6 35
22 22
9 42
16 29
24 10
19 28
11 1
30 21
12 19
35 22
21 22
30 35
8 22
13 33
31 5
22 3
14 24
18 12
6 12
6 5
31 13
5 4
23 31
2 19
5 3
18 34
14 2
26 34
4 9
6 31
3 22
7 7
25 13
34 30
21 1
6 4
25 8
21 33
4 5
8 19
3 32
24 19
5 11
17 1
3 1
0 9
31 7
8 22
11 26
26 26
34 13
15 22
18 31
17 24
10 19
29 29
16 20
1 23
26 18
1 26
33 15
22 9
11 7
15 2
17 18
17 21
20 25
34 5
14 7
16 20
9 28
35 10
26 26
30 7
21 31
4 7
6 11
33 29
11 14
34 26
23 16
3 32
8 24
11 13
15 20
18 21
8 5
29 5
9 11
18 11
2 32
4 30
21 16
1 5
32 14
18 6
13 33
3 24
18 31
33 2
34 25
35 2
5 31
35 5
18 16
25 24
33 21
2 9
34 1
24 16
26 26
27 29
32 31
5 15
27 30
22 35
10 26
17 20
2 26
11 25
26 5
4 28
9 10
23 22
1 27
23 15
35 35
21 18
27 16
8 12
8 5
25 17
22 20
3 33
4 20
6 17
20 2
10 14
18 31
34 2
12 20
31 26
31 3
21 16
6 4
13 18
30 32
36 26
36 31
27 30
5 36
5 15
5 23
33 27
1 12
26 1
34 1
10 26
33 3
6 21
22 35
11 22
23 28
22 27
23 20
5 5
6 8
35 9
23 3
27 33
5 10
8 4
13 2
3 10
32 7
15 1
22 6
5 13
33 2
16 25
1 14
8 8
18 11
5 32
12 32
10 17
32 42
16 26
13 34
2 14
26 24
22 25
9 14
35 32
10 28
34 6
14 22
4 37
25 8
11 14
27 33
15 16
17 35
11 6
14 12
30 35
25 21
26 4
26 33
20 18
31 5
19 21
30 28
27 2
2 30
6 31
31 5
12 30
28 33
5 14
25 6
30 4
7 18
9 35
19 18
31 21
13 0
9 13
16 9
36 13
9 5
36 34
5 2
2 4
10 34
7 32
23 22
22 18
23 7
7 31
2 5
2 18
34 32
33 35
32 18
1 24
36 14
29 26
34 20
35 2
16 14
2 16
22 4
30 21
10 26
23 27
18 30
9 19
18 11
2 28
35 9
35 22
36 3
8 16
23 34
24 35
12 21
17 23
10 21
2 15
3 13
2 31
36 5
4 13
24 20
7 28
19 7
13 18
10 27
34 21
26 2
36 29
10 35
16 19
32 13
2 3
35 7
6 2
23 10
8 15
18 6
33 17
4 23
7 3
22 6
12 34
0 16
2 22
9 11
16 15
26 33
19 1
2 27
2 28
17 18
7 26
23 31
12 15
24 30
27 3
27 17
28 34
11 32
36 1
34 27
34 25
18 2
9 3
26 9
4 34
11 14
20 30
33 10
15 2
9 23
32 10
6 15
34 15
34 4
20 32
8 32
15 35
29 11
19 9
34 3
36 34
27 35
34 35
5 9
36 16
15 5
12 13
13 10
5 13
32 23
34 31
31 7
19 18
15 28
34 8
31 42
11 31
21 24
22 15
3 14
6 24
16 4
35 42
19 26
14 15
24 9
10 7
35 34
25 20
6 3
7 19
11 28
8 10
24 32
14 25
30 15
23 8
20 20
17 18
24 17
9 4
18 14
30 20
24 27
13 15
21 17
16 7
18 6
28 12
18 20
31 12
36 12
18 31
15 33
27 12
20 31
33 3
33 19
19 25
7 27
20 5
2 16
13 13
11 24
2 35
19 35
11 21
1 26
34 31
2 24
27 3
33 14
4 8
20 18
36 18
15 22
23 24
14 9
33 7
34 21
34 19
36 42
21 34
16 29
35 1
17 2
22 12
3 18
14 16
6 18
6 29
33 4
4 5
2 9
5 3
21 34
26 7
28 19
25 9
11 24
35 17
8 8
29 13
32 25
12 34
22 18
11 8
20 28
29 11
27 28
17 15
6 5
31 33
24 30
10 29
25 5
1 5
11 20
23 19
1 32
1 7
24 20
3 27
4 11
25 22
12 1
11 4
1 17
30 11
35 31
30 10
6 19
20 6
20 20
21 23
16 4
34 14
11 25
19 33
17 27
13 14
36 14
27 23
29 22
4 33
36 14
22 17
26 4
12 26
6 32
7 21
6 13
13 28
24 12
12 32
19 5
9 1
1 21
15 29
3 23
6 34
11 7
25 16
30 29
33 22
8 5
13 12
12 5
31 32
8 14
14 4
24 31
24 22
10 42
7 8
6 14
8 31
20 33
1 13
9 28
23 21
30 29
4 33
11 12
13 11
9 21
33 29
4 24
13 7
20 16
8 34
23 25
14 14
32 24
10 6
34 6
2 24
27 4
5 13
8 2
28 14
28 8
30 21
29 30
23 14
23 5
23 10
10 15
21 1
11 10
29 27
20 4
3 26
19 2
33 26
29 8
31 26
4 2
17 20
16 25
1 3
10 14
1 33
10 6
35 26
10 7
7 2
28 3
20 21
21 13
17 15
12 9
5 3
11 42
12 29
7 30
10 30
27 7
19 32
15 3
20 24
8 20
15 7
7 22
3 3
2 7
19 16
26 35
18 26
8 26
11 21
25 11
27 24
36 29
16 12
15 15
25 23
14 12
23 26
13 25
30 15
28 31
8 11
35 2
5 13
3 3
31 23
7 16
34 35
34 19
15 32
29 14
21 25
31 11
21 15
28 18
15 30
18 3
1 11
33 19
23 24
15 4
2 16
9 3
15 16
24 24
4 8
5 6
30 2
15 16
11 8
11 5
29 10
36 31
4 15
2 8
3 35
6 0
29 23
23 11
13 13
9 5
15 15
7 18
11 31
16 18
16 18
35 32
1 7
7 21
22 25
32 2
6 4
34 27
32 32
16 9
3 10
30 25
29 3
26 35
12 30
13 3
34 32
14 1
19 15
23 13
26 31
28 14
19 14
17 14
3 16
11 8
8 28
24 21
7 16
35 17
22 16
20 31
31 29
29 8
25 26
15 13
29 17
20 15
30 27
5 18
33 12
31 14
3 18
30 31
6 15
26 15
36 4
2 3
16 22
31 33
24 3
30 6
25 14
27 27
15 19
19 11
7 32
34 33
35 25
35 15
20 20
22 29
16 7
19 28
14 17
8 33
12 16
13 3
28 16
30 18
9 5
20 34
1 3
14 35
27 21
24 7
23 18
29 6
8 2
23 9
28 11
31 15
10 2
30 28
11 2
24 32
7 33
20 17
2 9
14 20
22 3
29 27
19 14
8 2
16 35
12 23
10 11
13 19
36 32
30 42
5 6
3 1
13 15
16 17
13 1
8 3
23 9
10 26
26 13
19 25
10 20
5 4
26 2
22 34
26 15
10 9
25 24
29 12
16 34
6 11
5 17
36 11
27 2
2 35
36 29
15 19
32 1
10 15
32 19
24 35
11 21
19 22
34 11
21 23
9 15
29 42
27 1
26 1
27 15
7 33
27 8
4 3
28 5
32 33
35 12
14 27
21 4
16 16
20 29
18 16
34 34
1 19
6 13
36 33
11 14
21 35
33 9
11 10
27 14
4 28
20 3
13 16
18 18
34 29
2 20
5 7
36 26
13 30
12 42
3 24
24 33
28 27
14 2
28 26
21 27
20 8
7 28
21 15
27 31
16 18
16 15
25 28
15 32
31 35
12 11
8 34
23 25
16 5
7 12
26 26
5 5
27 27
7 15
20 4
6 11
9 11
29 19
3 9
34 23
14 29
22 4
8 1
31 31
28 12
7 13
23 21
28 34
7 3
11 24
11 16
20 13
17 3
4 26
14 1
5 13
27 16
7 7
12 32
3 12
5 17
30 3
11 25
5 23
22 34
28 28
1 28
32 20
4 19
17 11
26 16
36 34
4 20
31 28
13 20
1 22
31 26
5 7
12 15
33 9
14 16
14 11
27 14
26 11
27 7
15 28
12 24
11 17
22 25
10 22
11 28
15 14
6 5
5 10
11 23
25 12
22 23
29 35
27 8
33 3
22 26
13 32
8 3
30 5
16 13
27 8
7 10
19 6
4 35
19 25
14 2
27 24
33 4
30 34
15 19
22 5
15 7
1 33
22 29
1 15
14 10
21 30
26 29
10 11
22 22
31 22
30 3
9 18
34 28
35 23
14 23
11 34
9 4
9 26
16 23
34 9
7 24
15 10
14 15
18 35
4 24
8 8
19 21
18 10
16 27
36 6
2 1
19 34
1 34
3 19
10 29
6 34
12 14
3 7
12 9
1 21
17 28
33 37
19 29
1 32
28 26
10 28
8 26
4 29
28 5
3 31
2 31
13 42
11 30
32 19
24 19
35 8
33 18
29 35
14 9
27 27
8 17
30 4
30 32
5 11
25 12
28 18
23 13
14 42
3 33
16 4
25 21
19 18
26 15
3 3
11 4
18 34
2 9
32 11
25 22
31 30
8 32
16 16
9 12
31 9
15 11
25 24
27 8
2 2
30 2
33 26
35 19
12 25
25 18
4 11
36 21
6 2
12 25
33 25
18 7
6 21
12 14
6 14
16 13
19 3
35 25
9 18
18 22
35 16
16 7
18 28
21 18
14 2
6 17
25 31
11 30
31 32
24 23
5 18
12 16
26 13
9 11
9 30
18 18
34 31
13 2
14 20
14 31
13 21
26 23
17 27
13 35
24 28
7 30
35 18
5 12
7 20
6 11
32 30
8 2
22 13
2 3
34 28
28 7
24 27
18 9
32 24
36 25
31 31
29 20
31 17
14 10
28 24
36 2
30 25
2 23
23 30
21 27
4 26
11 27
27 29
33 4
16 30
27 19
25 6
20 30
15 15
3 31
13 30
11 0
13 12
33 3
9 10
1 31
18 3
24 23
26 27
29 4
10 5
30 30
36 4
13 17
3 7
23 18
20 24
6 3
30 28
24 12
15 16
14 11
36 11
26 8
26 8
23 21
36 28
17 14
34 20
32 15
14 25
19 12
3 22
3 13
22 6
28 32
14 5
9 24
22 26
6 4
21 23
2 22
29 27
10 23
2 21
10 17
36 33
24 14
11 24
4 8
20 32
23 13
6 17
21 10
15 10
20 4
30 7
9 33
32 23
15 13
30 15
29 35
23 23
5 29
3 16
17 28
23 1
21 27
18 32
6 20
20 17
10 4
15 12
2 23
24 26
18 12
34 15
12 13
26 27
34 7
35 23
26 18
26 19
26 16
21 29
34 18
2 32
9 32
15 32
10 15
35 24
7 20
2 27
2 27
8 22
33 19
3 4
36 29
23 25
19 31
25 26
34 10
20 16
12 1
1 16
36 11
26 11
2 9
21 35
7 8
31 12
2 5
30 11
32 18
6 25
5 26
21 28
12 6
4 12
3 3
21 22
14 33
22 34
8 13
30 30
15 42
22 21
9 28
29 33
9 8
30 33
10 24
11 19
16 16
31 6
31 11
32 26
8 23
12 15
11 8
13 14
27 9
6 11
21 18
33 31
14 9
22 21
30 1
9 33
21 10
18 22
31 26
0 1
6 27
12 25
14 0
2 26
34 32
35 16
19 24
6 18
12 27
32 15
8 25
8 8
18 4
12 24
3 4
4 30
8 34
33 35
25 11
15 3
29 7
24 14
19 33
14 20
33 1
2 21
24 28
5 25
5 7
15 21
34 15
35 26
4 3
11 25
18 7
5 1
16 42
9 32
27 1
11 6
12 32
35 22
9 34
10 11
17 42
29 23
34 22
12 20
17 18
13 15
35 4
30 13
20 20
13 22
22 35
32 30
24 2
6 34
19 16
2 23
2 31
2 19
35 34
7 17
34 17
12 28
2 1
17 8
8 25
35 4
9 17
6 28
4 5
31 12
6 35
3 33
28 8
35 4
17 29
25 11
25 17
16 15
9 10
19 3
27 11
16 25
17 34
8 9
14 19
17 12
13 13
15 24
32 27
23 30
15 18
20 6
11 1
29 8
13 33
9 24
7 12
2 10
22 18
34 9
30 1
35 24
36 3
23 27
4 29
3 7
2 18
29 31
20 23
2 20
29 18
14 26
21 8
22 16
9 16
32 10
36 22
31 11
27 25
15 17
29 28
17 3
29 2
9 7
5 18
20 34
9 26
24 15
3 8
13 19
6 26
13 17
12 23
28 25
33 28
17 28
17 24
2 22
0 10
35 22
14 11
7 1
12 13
33 19
29 3
17 2
2 5
10 31
17 7
16 7
8 19
23 15
11 5
34 37
36 20
31 16
10 34
14 4
14 6
32 35
26 21
7 34
32 6
12 12
28 11
34 27
19 21
21 6
33 21
29 1
18 42
24 19
6 28
18 24
3 1
27 26
11 25
22 21
36 13
18 7
34 13
4 2
3 9
7 22
32 27
9 5
27 7
9 24
31 6
9 15
28 33
30 27
21 22
18 21
6 12
0 15
34 5
21 30
6 30
31 22
7 13
26 26
6 29
35 20
14 23
24 33
34 29
9 28
4 21
14 18
20 2
2 21
6 7
23 14
26 25
3 27
1 33
23 19
6 21
6 24
36 30
10 20
19 11
21 5
29 27
35 4
34 16
12 5
11 32
2 7
25 19
17 30
33 16
8 5
27 25
14 27
9 7
17 22
6 9
36 34
33 20
15 14
36 2
27 12
10 25
26 5
23 5
26 7
31 12
11 15
29 14
33 2
19 6
10 10
6 29
26 26
20 17
10 3
21 26
6 9
16 6
19 42
35 20
3 23
6 15
12 11
19 35
11 27
9 35
4 5
14 26
22 29
24 29
20 10
28 16
3 10
3 21
32 21
20 42
36 35
26 33
31 10
33 1
27 23
30 12
32 1
15 30
3 12
7 7
27 34
24 30
19 25
4 27
6 24
30 23
30 19
26 25
24 7
34 31
24 14
29 29
5 35
24 31
11 26
19 34
22 4
1 2
23 1
36 4
21 42
35 19
11 8
27 7
1 18
9 36
27 29
26 8
34 30
17 31
5 27
29 30
4 33
9 8
12 11
7 27
28 22
30 31
31 29
13 35
27 16
10 16
10 8
29 2
11 2
22 35
7 10
22 42
36 20
26 10
4 8
12 5
22 13
16 11
31 13
13 28
30 29
28 13
13 31
9 16
36 23
28 16
36 4
34 15
24 15
6 22
8 13
25 20
26 21
1 33
34 32
13 9
36 35
18 34
7 15
21 5
13 11
5 5
4 9
31 20
4 35
1 1
4 2
24 34
10 15
2 17
10 20
5 16
23 23
28 14
23 42
26 1
12 10
24 35
11 20
18 29
24 42
4 22
5 17
20 13
19 10
19 25
16 4
20 5
23 8
33 13
9 31
11 35
6 5
3 26
22 5
2 2
24 18
34 16
26 20
23 10
15 7
2 17
10 32
28 3
6 16
6 18
12 13
10 27
28 25
36 31
29 4
7 1
27 11
35 27
17 27
36 14
6 10
14 32
5 11
35 34
3 13
25 15
34 8
18 21
22 25
11 13
3 15
20 28
23 16
33 8
5 17
23 29
15 25
33 8
14 34
6 2
25 42
10 31
36 13
29 11
16 13
31 13
21 13
28 25
4 6
8 31
23 12
7 33
8 30
6 34
17 26
36 34
29 22
10 9
3 13
5 32
3 21
19 3
8 26
13 4
19 34
16 35
26 27
6 10
36 17
9 1
14 5
29 3
24 3
26 42
5 21
6 28
32 24
21 12
11 18
13 7
16 2
24 15
21 20
3 24
0 28
10 21
23 29
30 1
4 22
34 32
20 29
3 27
16 34
3 35
17 22
34 8
24 34
13 18
33 18
2 11
15 30
5 28
26 31
21 4
10 34
3 24
30 7
4 15
10 18
13 11
28 7
35 27
33 24
6 14
18 25
5 2
5 33
10 19
34 4
8 35
10 20
34 1
26 18
17 32
5 22
9 12
32 5
36 14
16 5
27 42
17 11
8 33
4 31
33 17
27 13
35 10
6 27
28 31
17 6
2 1
28 34
31 13
26 34
1 13
22 15
28 26
27 10
23 12
36 12
33 22
36 1
28 10
3 1
29 28
11 19
2 7
29 14
5 20
18 30
19 17
4 31
22 34
2 32
19 18
30 21
15 15
12 23
33 8
6 20
13 16
33 30
18 20
16 18
25 16
14 32
25 1
24 23
17 11
19 24
5 3
23 2
28 19
32 9
10 9
16 7
34 25
3 36
9 23
24 2
13 6
6 34
30 8
15 26
19 28
17 31
1 15
22 10
5 32
7 24
25 25
28 16
36 3
24 29
34 30
35 35
6 28
3 31
12 15
27 30
24 26
25 31
6 25
20 20
20 21
16 9
13 11
9 18
7 31
4 3
27 25
11 10
4 10
23 9
9 31
33 29
14 6
5 6
25 22
8 24
27 29
7 6
6 9
6 33
2 35
33 33
30 30
8 18
2 28
15 25
27 15
27 26
16 32
16 28
33 32
24 29
25 30
21 28
21 22
34 24
25 30
16 35
21 29
5 21
4 34
6 34
15 26
22 8
35 35
16 9
33 16
26 22
2 24
0 14
13 5
18 34
26 13
21 34
3 11
3 3
13 21
32 12
14 34
15 24
0 32
33 22
27 25
29 14
15 16
31 36
34 12
31 25
18 25
26 32
9 26
9 27
31 32
36 27
34 27
6 4
6 27
31 27
5 34
24 11
24 12
10 23
5 2
20 1
3 34
6 33
18 34
26 22
20 33
26 32
30 5
33 6
6 16
32 25
20 3
22 14
29 9
30 21
7 33
15 6
9 4
1 29
12 10
27 20
10 7
28 13
20 4
34 11
26 7
32 22
20 27
32 24
19 30
17 32
16 8
34 21
17 4
33 6
30 4
14 19
10 29
21 21
28 43
23 15
36 18
3 16
10 3
15 26
6 37
31 11
5 2
35 18
12 18
6 3
15 16
1 7
24 6
18 35
26 5
24 14
7 14
2 33
13 12
1 33
24 27
12 23
24 23
33 32
36 31
30 14
18 25
30 26
27 26
6 29
8 19
4 6
27 17
13 27
34 35
17 2
17 32
35 23
14 27
35 1
26 6
14 31
20 32
11 9
21 30
27 16
28 7
17 6
17 15
29 1
18 5
2 43
12 26
4 13
15 33
6 2
20 10
36 18
13 13
7 30
10 16
4 32
28 32
5 8
8 35
14 29
9 30
33 23
16 7
36 32
32 3
5 13
5 7
19 22
4 22
32 16
11 15
23 9
17 19
4 31
5 35
33 3
20 22
17 31
11 24
26 32
29 21
35 30
8 35
25 15
28 24
13 10
5 11
16 16
1 8
18 32
36 34
32 16
28 2
35 17
12 14
22 30
16 32
20 32
29 15
1 18
16 2
21 6
32 16
18 10
33 11
22 2
14 29
2 19
10 1
6 1
20 15
12 33
5 37
30 8
34 27
4 21
12 8
29 23
9 10
24 4
19 26
13 5
11 27
31 20
21 23
12 14
4 17
2 6
29 10
20 28
27 5
17 21
28 29
20 33
11 9
36 29
4 15
16 5
26 4
36 8
3 43
27 3
17 31
5 13
15 2
20 11
4 26
2 22
16 27
24 5
22 33
19 19
13 12
31 29
16 30
21 26
3 7
35 28
24 5
16 14
22 25
28 10
20 28
2 15
35 15
9 9
7 1
2 16
26 23
26 30
29 5
31 9
10 34
0 13
16 32
21 17
3 1
24 11
36 16
33 2
19 18
17 13
21 32
6 30
6 7
36 28
21 6
20 28
8 18
24 34
28 21
20 22
16 35
11 23
17 9
20 19
7 43
31 16
29 20
4 21
26 15
35 24
15 6
6 43
16 27
25 14
20 2
18 22
14 32
13 33
33 14
19 32
13 6
29 3
33 35
4 18
30 9
11 36
8 9
2 5
28 29
1 33
5 7
35 15
28 3
25 34
15 10
12 23
24 12
20 2
31 23
28 6
26 19
34 14
8 26
29 20
1 25
27 34
13 16
4 13
33 34
35 1
17 4
18 4
7 31
28 22
28 28
10 5
15 5
25 4
36 8
31 25
30 22
10 2
28 32
9 31
2 13
35 26
34 13
28 20
4 43
8 37
8 7
16 3
24 1
23 6
11 17
35 8
9 7
29 1
18 15
29 12
1 16
26 14
7 4
8 32
26 13
18 23
29 28
2 26
30 9
17 7
18 16
20 23
32 24
28 30
23 11
16 28
32 8
19 9
17 28
24 31
34 19
33 14
18 18
20 32
34 9
1 31
5 23
15 20
23 3
28 19
18 25
14 31
23 32
5 43
3 34
6 9
32 3
17 31
31 15
35 6
16 16
21 21
30 33
32 25
4 16
21 15
6 17
25 34
9 15
23 34
30 5
34 23
10 21
35 32
21 26
11 34
28 28
1 18
30 6
7 25
28 32
11 12
36 23
2 10
33 43
2 0
7 16
35 8
5 29
35 21
28 20
35 15
25 27
8 5
3 11
31 14
19 35
11 27
2 20
8 16
29 29
5 34
31 2
28 21
29 20
1 14
24 19
30 6
10 23
4 22
2 33
14 21
25 21
14 16
5 15
17 2
23 36
27 31
25 16
21 18
3 0
22 35
28 7
19 8
25 30
28 2
25 2
22 12
9 22
20 14
7 2
10 29
13 23
33 2
1 28
26 21
28 28
28 23
3 6
1 10
3 15
27 17
36 11
17 10
3 0
5 27
18 18
13 22
23 19
4 5
9 32
7 5
11 30
18 24
1 16
20 7
29 16
7 29
7 4
1 8
29 13
36 27
22 30
8 7
36 28
1 23
10 10
31 12
4 31
19 24
12 15
28 18
5 12
23 32
2 12
8 29
4 17
28 31
1 14
26 8
13 16
13 23
4 2
10 30
33 6
30 9
8 30
28 8
22 13
33 20
33 8
16 17
27 6
24 15
21 30
25 3
28 31
4 8
3 34
29 30
13 25
2 25
25 28
17 4
27 2
23 10
31 29
7 15
16 12
16 26
26 28
10 35
23 20
12 22
17 20
18 9
32 2
17 23
23 14
22 20
3 11
6 12
33 20
5 35
2 34
34 34
3 8
17 14
29 4
17 33
29 13
34 4
9 25
24 11
3 25
24 21
25 10
4 35
14 23
27 17
19 1
15 18
4 6
32 2
36 12
24 32
18 20
28 22
31 14
20 10
22 29
30 33
7 18
7 30
7 18
4 6
9 37
34 22
24 31
9 29
36 6
16 8
26 26
20 27
7 5
28 24
29 9
24 29
36 17
31 23
28 29
35 4
35 1
8 19
10 8
35 13
10 19
34 16
17 23
11 29
11 16
9 23
12 22
7 30
32 33
24 27
2 21
15 10
33 33
2 4
1 26
18 23
16 17
12 32
22 6
32 4
33 34
25 3
13 3
11 20
5 27
9 25
24 9
23 7
12 6
27 36
11 33
29 18
12 8
29 14
16 31
4 32
23 28
36 22
11 13
16 8
21 31
24 27
35 9
21 30
5 29
32 19
34 29
8 24
7 10
30 8
22 32
21 24
4 13
3 14
16 1
15 6
29 9
3 20
21 3
31 10
0 17
16 33
1 34
2 26
21 2
25 2
18 25
18 7
34 43
16 6
36 33
8 17
35 31
18 25
19 33
31 25
8 43
3 4
13 9
13 25
34 35
23 25
14 16
30 2
36 20
14 34
1 2
12 30
36 31
11 30
19 29
31 16
35 22
7 35
10 34
1 24
36 23
24 13
22 2
32 27
35 35
3 25
16 8
23 33
12 20
36 27
18 18
22 27
12 18
1 1
36 9
10 26
24 32
35 10
25 6
5 2
10 3
36 9
35 32
25 31
11 18
7 32
3 13
33 21
7 26
31 12
6 13
27 26
24 22
29 6
22 12
3 31
9 11
7 32
26 27
36 30
5 28
27 2
2 4
20 21
36 10
10 3
1 25
19 12
8 10
12 13
3 23
5 3
32 34
27 2
3 25
14 33
16 3
11 24
3 28
7 16
7 26
26 32
7 14
36 16
23 6
1 15
30 23
29 17
7 26
19 15
19 27
15 2
13 26
24 17
13 30
12 9
9 9
8 12
1 19
8 34
18 18
22 15
24 28
34 26
22 6
5 23
5 23
34 9
4 30
24 30
11 25
13 15
2 4
17 33
18 9
26 23
5 26
8 27
13 5
19 17
7 11
35 16
24 9
5 9
34 3
10 17
11 26
24 4
25 23
4 21
1 9
12 17
13 21
28 33
6 25
31 5
31 14
35 23
35 4
22 27
29 24
34 19
10 2
3 2
16 3
23 11
22 12
22 21
1 8
16 25
27 21
9 29
17 22
2 18
12 26
15 32
6 10
16 15
14 35
5 33
11 4
13 6
35 11
20 26
14 9
34 30
19 9
6 15
19 31
1 10
18 10
15 26
15 3
35 34
26 14
25 36
27 10
27 1
2 3
33 6
32 7
4 9
22 19
14 29
9 43
30 15
8 9
36 34
19 27
16 14
15 29
27 18
25 29
30 5
36 24
17 2
8 4
31 28
32 21
1 9
32 12
14 4
11 8
18 32
29 28
18 5
6 21
21 18
24 22
7 26
17 11
6 29
16 12
14 14
22 5
34 4
7 27
32 27
27 35
17 13
19 33
16 35
4 29
28 9
33 26
34 1
9 4
2 16
0 8
27 32
6 20
11 25
31 31
8 13
2 2
21 21
12 1
3 29
10 12
33 10
18 31
36 6
32 33
4 2
10 2
15 22
32 13
20 34
14 13
11 4
24 10
6 9
25 10
20 26
31 1
29 18
26 33
16 20
8 7
17 16
20 24
23 12
35 12
2 30
6 18
32 23
32 18
10 10
1 27
16 26
1 7
15 14
28 1
4 11
10 21
5 21
14 10
30 35
16 34
14 30
29 17
6 29
14 24
16 29
21 5
23 3
20 30
7 25
4 16
23 29
9 4
2 21
6 0
29 29
25 25
30 13
11 22
8 24
17 11
12 16
2 28
32 12
32 4
29 27
19 22
29 2
24 9
30 9
36 29
25 7
32 24
23 9
22 8
5 17
9 2
18 33
4 28
36 22
23 34
10 22
24 26
12 34
17 16
18 32
31 3
11 33
21 12
16 22
10 31
20 31
17 4
5 19
14 14
16 23
12 18
2 2
4 16
28 9
21 29
15 13
30 6
33 27
33 18
19 11
18 24
17 28
1 6
31 13
23 18
22 34
34 8
19 35
22 20
14 23
17 15
12 17
9 16
9 32
24 29
36 35
25 4
26 26
23 17
23 33
14 25
35 5
24 33
27 6
32 43
10 29
21 23
17 19
25 30
25 6
2 34
22 6
32 34
7 22
19 7
7 18
23 22
11 14
32 7
34 26
14 28
24 9
14 32
24 34
34 13
14 30
10 32
18 16
2 19
2 21
12 12
35 9
19 15
24 26
9 11
3 5
32 31
11 13
33 18
8 28
11 17
1 33
8 32
8 13
26 10
34 8
36 33
14 18
2 17
35 17
1 11
23 20
34 16
31 43
35 1
19 13
31 23
35 12
26 24
16 31
18 12
23 4
16 14
5 34
31 29
10 30
17 6
23 7
15 34
17 1
6 36
29 19
8 20
32 10
8 16
19 26
25 11
9 21
1 3
20 1
31 28
3 34
29 28
21 13
19 29
5 24
10 15
15 22
23 22
2 3
34 14
35 43
2 18
30 21
32 13
12 12
16 11
7 7
17 33
28 12
19 4
26 7
31 20
25 14
9 5
26 14
6 16
13 23
23 1
5 34
13 31
31 27
24 5
35 35
11 22
22 33
17 31
13 19
7 28
14 32
24 32
34 13
29 35
16 8
10 30
4 31
34 10
6 14
31 34
26 20
6 27
13 10
22 11
32 37
23 18
23 21
1 19
24 19
6 4
2 33
8 32
3 30
15 1
24 22
32 4
16 29
27 32
19 29
12 26
21 28
27 21
14 9
25 13
22 13
31 6
31 2
20 3
13 6
27 8
23 15
20 21
21 12
28 15
6 5
32 18
17 21
21 33
7 33
25 7
20 18
27 29
10 32
16 10
3 5
9 23
17 21
7 5
32 18
13 7
15 1
33 27
26 9
27 7
8 19
3 29
2 13
14 8
5 12
20 10
23 21
35 2
36 43
19 12
3 35
24 26
1 11
25 13
35 6
29 9
14 24
36 19
18 20
25 12
22 19
29 32
36 18
34 32
22 19
4 23
23 21
17 26
11 33
9 7
19 28
30 18
12 24
33 17
20 13
5 9
2 30
36 1
15 26
8 5
35 2
0 9
25 33
19 16
11 12
20 4
31 37
30 25
6 29
25 25
5 12
19 35
24 29
19 22
14 15
19 16
1 6
16 10
31 35
20 18
17 1
2 29
12 3
4 26
28 19
32 14
31 8
20 19
23 16
22 2
3 18
36 21
11 27
15 32
5 35
9 9
11 32
3 13
10 43
4 29
16 29
26 24
13 6
5 2
21 25
36 4
11 43
20 34
9 1
31 17
17 13
23 25
22 1
24 11
25 10
13 35
20 7
20 15
36 14
10 22
33 20
3 15
32 9
29 4
13 13
16 28
14 24
33 11
11 16
36 25
20 2
31 2
4 18
14 26
4 20
26 3
3 8
25 14
9 10
31 1
1 0
21 8
20 28
16 23
11 9
4 28
11 29
14 19
20 18
17 26
8 25
35 15
35 3
27 19
15 34
15 5
5 19
16 34
7 1
26 11
6 26
7 11
22 6
20 25
8 6
19 13
16 15
31 34
27 18
17 24
17 5
34 13
27 31
3 23
32 33
27 14
36 15
26 9
31 4
24 32
24 29
17 27
26 25
36 2
7 23
31 8
12 11
6 28
7 29
26 20
1 22
34 32
14 26
9 2
19 35
20 11
5 1
3 26
2 12
13 29
31 13
30 24
10 11
1 7
24 1
20 12
7 4
22 24
12 18
9 3
30 43
11 30
36 31
5 15
29 13
14 19
13 28
6 13
35 19
31 33
20 6
30 4
25 18
23 12
25 35
13 8
19 8
29 22
35 1
24 26
19 11
36 3
6 17
13 8
35 16
16 15
3 5
29 43
4 6
5 12
20 28
