23 27
54 4
23 28
31 32
53 4
52 4
51 4
23 29
23 30
50 17
50 16
50 15
50 4
23 31
23 32
23 33
50 14
50 13
49 13
48 13
47 13
49 4
46 13
63 56
45 13
44 13
48 4
23 34
23 35
47 4
32 32
43 13
42 13
23 36
32 31
46 4
45 4
41 13
40 13
39 13
23 37
23 38
44 4
38 13
31 31
37 13
36 13
35 13
23 39
43 4
42 4
23 40
34 13
33 13
32 13
31 13
30 13
29 13
24 40
28 13
27 13
26 13
41 4
40 4
63 55
25 13
25 40
24 13
23 13
22 13
26 40
27 40
21 13
20 13
30 31
19 13
18 13
39 4
17 13
38 4
16 13
37 4
15 13
14 13
30 32
28 40
29 40
30 40
36 4
13 13
30 33
12 13
35 4
12 14
12 15
31 40
12 16
34 4
32 40
12 17
31 33
33 4
12 18
32 4
12 19
32 33
12 20
12 21
33 40
12 22
12 23
12 24
12 25
31 4
34 40
12 26
33 33
35 40
12 27
36 40
12 28
33 32
33 31
30 4
29 4
12 29
28 4
63 54
12 30
27 4
12 31
37 40
38 40
12 32
26 4
39 40
40 40
40 39
40 38
33 30
40 37
25 4
12 33
32 30
40 36
40 35
40 34
40 33
12 34
31 30
12 35
12 36
24 4
23 4
12 37
12 38
12 39
12 40
22 4
21 4
40 32
40 31
12 41
12 42
20 4
19 4
30 30
40 30
12 43
12 44
18 4
40 29
40 28
17 4
16 4
40 27
12 45
15 4
40 26
12 46
12 47
40 25
40 24
12 48
12 49
12 50
12 51
40 23
13 51
14 51
15 51
14 4
29 30
39 23
29 31
16 51
17 51
29 32
18 51
29 33
19 51
13 4
12 4
11 4
20 51
21 51
22 51
23 51
24 51
38 23
37 23
36 23
25 51
26 51
35 23
34 23
33 23
27 51
28 51
32 23
31 23
10 4
9 4
30 23
29 51
30 51
8 4
31 51
32 51
7 4
29 23
29 34
28 23
6 4
33 51
5 4
34 51
4 4
35 51
27 23
36 51
37 51
30 34
38 51
26 23
25 23
39 51
24 23
31 34
3 4
40 51
23 23
41 51
42 51
22 23
43 51
44 51
3 5
45 51
32 34
3 6
46 51
47 51
48 51
22 24
49 51
3 7
33 34
50 51
3 8
51 51
22 25
34 34
3 9
22 26
34 33
22 27
51 50
51 49
3 10
22 28
51 48
51 47
22 29
22 30
51 46
51 45
51 44
22 31
34 32
51 43
3 11
3 12
3 13
22 32
22 33
51 42
34 31
51 41
3 14
34 30
51 40
22 34
51 39
22 35
22 36
51 38
22 37
22 38
3 15
51 37
3 16
22 39
22 40
22 41
23 41
24 41
51 36
25 41
51 35
3 17
51 34
3 18
3 19
26 41
3 20
27 41
3 21
3 22
51 33
28 41
51 32
51 31
34 29
3 23
51 30
51 29
29 41
51 28
3 24
3 25
33 29
30 41
31 41
51 27
3 26
63 53
3 27
51 26
51 25
3 28
32 41
3 29
33 41
3 30
34 41
51 24
35 41
51 23
32 29
31 29
3 31
51 22
3 32
51 21
51 20
51 19
51 18
51 17
30 29
51 16
51 15
51 14
3 33
3 34
36 41
51 13
37 41
3 35
51 12
50 12
3 36
49 12
48 12
38 41
3 37
47 12
3 38
46 12
45 12
44 12
39 41
43 12
42 12
40 41
41 12
40 12
39 12
3 39
3 40
38 12
41 41
37 12
41 40
36 12
35 12
34 12
33 12
32 12
41 39
31 12
63 52
30 12
29 12
41 38
41 37
29 29
41 36
28 12
41 35
41 34
41 33
28 29
41 32
3 41
41 31
28 30
28 31
41 30
41 29
27 12
41 28
28 32
26 12
25 12
41 27
28 33
41 26
24 12
3 42
23 12
28 34
28 35
63 51
29 35
41 25
3 43
22 12
3 44
41 24
21 12
41 23
20 12
3 45
19 12
41 22
3 46
40 22
39 22
38 22
3 47
3 48
18 12
3 49
30 35
31 35
37 22
32 35
3 50
17 12
36 22
16 12
15 12
14 12
13 12
12 12
11 12
3 51
33 35
11 13
35 22
3 52
34 22
11 14
33 22
3 53
11 15
11 16
11 17
3 54
3 55
11 18
3 56
11 19
32 22
3 57
34 35
31 22
11 20
30 22
35 35
3 58
3 59
11 21
3 60
29 22
4 60
11 22
28 22
27 22
11 23
11 24
5 60
11 25
35 34
11 26
11 27
11 28
6 60
11 29
11 30
26 22
11 31
25 22
11 32
11 33
24 22
7 60
11 34
11 35
23 22
8 60
9 60
11 36
10 60
11 37
22 22
21 22
11 60
35 33
21 23
21 24
11 38
11 39
21 25
12 60
21 26
21 27
11 40
35 32
11 41
21 28
11 42
13 60
35 31
21 29
11 43
11 44
35 30
11 45
21 30
11 46
11 47
11 48
14 60
11 49
15 60
21 31
11 50
11 51
11 52
21 32
12 52
16 60
13 52
35 29
14 52
15 52
16 52
35 28
17 52
17 60
21 33
18 52
18 60
19 60
34 28
20 60
21 34
19 52
20 52
21 52
22 52
21 35
23 52
24 52
25 52
33 28
21 60
26 52
22 60
27 52
21 36
21 37
21 38
28 52
29 52
23 60
24 60
25 60
30 52
31 52
21 39
63 50
32 52
33 52
21 40
34 52
21 41
21 42
35 52
36 52
63 49
37 52
38 52
22 42
39 52
40 52
23 42
26 60
24 42
41 52
25 42
63 48
27 60
26 42
42 52
43 52
44 52
45 52
28 60
46 52
47 52
48 52
27 42
29 60
30 60
49 52
31 60
28 42
50 52
32 60
33 60
29 42
30 42
34 60
51 52
52 52
52 51
35 60
36 60
31 42
52 50
32 42
33 42
37 60
34 42
52 49
38 60
32 28
52 48
52 47
52 46
35 42
52 45
36 42
37 42
52 44
38 42
39 42
39 60
52 43
40 60
52 42
41 60
52 41
40 42
52 40
52 39
31 28
30 28
52 38
52 37
42 60
52 36
52 35
52 34
52 33
41 42
52 32
63 47
52 31
43 60
52 30
44 60
52 29
52 28
45 60
52 27
42 42
52 26
29 28
52 25
46 60
52 24
47 60
42 41
42 40
42 39
52 23
42 38
52 22
52 21
52 20
42 37
52 19
52 18
42 36
52 17
52 16
48 60
52 15
42 35
52 14
42 34
52 13
52 12
49 60
28 28
52 11
42 33
42 32
50 60
51 11
50 11
49 11
48 11
51 60
42 31
42 30
47 11
52 60
42 29
46 11
45 11
44 11
42 28
43 11
42 11
41 11
42 27
40 11
42 26
39 11
38 11
53 60
42 25
54 60
37 11
36 11
42 24
42 23
55 60
42 22
42 21
56 60
35 11
57 60
41 21
58 60
34 11
40 21
59 60
60 60
33 11
39 21
38 21
37 21
36 21
32 11
35 21
27 28
31 11
30 11
29 11
34 21
60 59
60 58
28 11
27 29
27 11
60 57
26 11
25 11
60 56
24 11
23 11
33 21
27 30
32 21
31 21
22 11
21 11
27 31
30 21
63 46
20 11
27 32
29 21
28 21
19 11
27 21
26 21
25 21
18 11
60 55
60 54
24 21
23 21
17 11
60 53
22 21
16 11
15 11
60 52
21 21
20 21
14 11
60 51
20 22
13 11
60 50
60 49
27 33
60 48
12 11
11 11
60 47
20 23
10 11
10 12
60 46
20 24
60 45
60 44
20 25
10 13
60 43
10 14
60 42
20 26
10 15
60 41
60 40
20 27
60 39
10 16
27 34
20 28
60 38
20 29
20 30
10 17
60 37
10 18
20 31
10 19
27 35
20 32
10 20
20 33
20 34
27 36
60 36
10 21
10 22
20 35
60 35
10 23
20 36
60 34
10 24
20 37
60 33
60 32
10 25
60 31
20 38
60 30
10 26
10 27
28 36
10 28
60 29
20 39
10 29
10 30
20 40
10 31
20 41
10 32
10 33
10 34
10 35
20 42
10 36
10 37
10 38
29 36
20 43
10 39
10 40
60 28
21 43
10 41
22 43
23 43
24 43
25 43
10 42
10 43
10 44
26 43
27 43
10 45
10 46
28 43
29 43
10 47
10 48
10 49
30 43
10 50
31 43
32 43
33 43
60 27
60 26
34 43
35 43
10 51
36 43
10 52
37 43
30 36
60 25
10 53
31 36
60 24
38 43
39 43
40 43
41 43
42 43
43 43
60 23
60 22
60 21
43 42
43 41
60 20
43 40
32 36
63 45
43 39
43 38
60 19
11 53
43 37
43 36
12 53
13 53
43 35
14 53
60 18
33 36
43 34
60 17
15 53
60 16
16 53
17 53
43 33
43 32
43 31
43 30
43 29
18 53
43 28
19 53
60 15
20 53
21 53
22 53
43 27
23 53
43 26
24 53
25 53
26 53
60 14
60 13
43 25
43 24
27 53
28 53
43 23
43 22
60 12
29 53
30 53
31 53
32 53
43 21
43 20
33 53
34 53
42 20
41 20
34 36
35 53
36 53
40 20
39 20
37 53
38 20
38 53
39 53
40 53
41 53
42 53
60 11
60 10
43 53
44 53
35 36
37 20
36 20
35 20
34 20
60 9
45 53
46 53
33 20
47 53
32 20
31 20
48 53
60 8
49 53
50 53
51 53
52 53
53 53
36 36
53 52
53 51
30 20
36 35
29 20
28 20
60 7
27 20
53 50
26 20
53 49
25 20
53 48
60 6
53 47
53 46
24 20
53 45
60 5
53 44
53 43
53 42
53 41
23 20
60 4
22 20
53 40
53 39
53 38
60 3
59 3
21 20
53 37
53 36
53 35
53 34
53 33
20 20
58 3
57 3
19 20
53 32
53 31
53 30
36 34
56 3
36 33
19 21
53 29
36 32
19 22
55 3
54 3
53 28
53 3
19 23
19 24
53 27
19 25
53 26
53 25
53 24
19 26
53 23
53 22
53 21
53 20
52 3
51 3
50 3
53 19
49 3
19 27
53 18
48 3
47 3
19 28
19 29
53 17
46 3
53 16
53 15
19 30
53 14
53 13
53 12
19 31
19 32
45 3
44 3
43 3
19 33
53 11
53 10
19 34
52 10
51 10
42 3
50 10
19 35
19 36
49 10
48 10
47 10
46 10
45 10
19 37
44 10
19 38
19 39
41 3
36 31
40 3
43 10
42 10
41 10
40 10
39 3
39 10
19 40
19 41
38 10
38 3
19 42
37 10
36 10
37 3
35 10
36 3
19 43
34 10
33 10
35 3
19 44
36 30
32 10
20 44
31 10
34 3
30 10
29 10
28 10
33 3
32 3
27 10
26 10
25 10
24 10
23 10
22 10
21 44
31 3
22 44
23 44
30 3
24 44
21 10
25 44
20 10
26 44
29 3
28 3
27 3
27 44
36 29
19 10
63 44
18 10
26 3
17 10
25 3
24 3
28 44
23 3
29 44
16 10
22 3
15 10
14 10
13 10
12 10
11 10
10 10
9 10
9 11
30 44
9 12
21 3
20 3
31 44
32 44
19 3
18 3
33 44
34 44
35 44
9 13
9 14
36 44
9 15
37 44
9 16
9 17
36 28
38 44
17 3
16 3
39 44
9 18
63 43
15 3
9 19
14 3
9 20
40 44
13 3
9 21
41 44
9 22
12 3
9 23
11 3
36 27
9 24
35 27
42 44
43 44
9 25
9 26
34 27
44 44
44 43
44 42
9 27
10 3
9 28
9 3
9 29
8 3
44 41
9 30
9 31
9 32
9 33
44 40
33 27
44 39
9 34
7 3
44 38
9 35
32 27
44 37
6 3
5 3
44 36
9 36
44 35
44 34
44 33
44 32
9 37
9 38
9 39
4 3
44 31
44 30
9 40
9 41
44 29
31 27
9 42
44 28
3 3
2 3
9 43
9 44
44 27
9 45
9 46
2 4
2 5
44 26
9 47
2 6
9 48
44 25
2 7
44 24
30 27
9 49
9 50
44 23
9 51
29 27
9 52
9 53
9 54
10 54
11 54
2 8
12 54
2 9
13 54
14 54
15 54
16 54
17 54
18 54
44 22
19 54
20 54
44 21
2 10
44 20
44 19
21 54
22 54
43 19
2 11
2 12
28 27
23 54
2 13
2 14
42 19
27 27
41 19
24 54
25 54
26 54
27 54
40 19
39 19
2 15
38 19
37 19
28 54
29 54
36 19
30 54
31 54
2 16
2 17
32 54
33 54
35 19
2 18
34 54
2 19
35 54
26 27
26 28
36 54
37 54
2 20
38 54
39 54
40 54
34 19
33 19
41 54
42 54
32 19
2 21
43 54
2 22
44 54
2 23
45 54
31 19
2 24
46 54
30 19
2 25
29 19
47 54
48 54
49 54
2 26
50 54
28 19
51 54
26 29
52 54
2 27
2 28
53 54
54 54
54 53
2 29
54 52
54 51
27 19
26 19
25 19
24 19
23 19
54 50
22 19
2 30
21 19
54 49
20 19
54 48
19 19
54 47
18 19
54 46
2 31
26 30
54 45
54 44
54 43
54 42
2 32
26 31
54 41
2 33
2 34
18 20
54 40
18 21
54 39
2 35
54 38
54 37
18 22
54 36
2 36
2 37
26 32
2 38
54 35
54 34
54 33
26 33
2 39
54 32
2 40
2 41
18 23
54 31
18 24
18 25
26 34
54 30
54 29
54 28
2 42
54 27
2 43
54 26
18 26
54 25
2 44
2 45
18 27
18 28
18 29
54 24
2 46
54 23
2 47
54 22
54 21
54 20
18 30
18 31
54 19
63 42
2 48
2 49
54 18
2 50
54 17
2 51
54 16
2 52
54 15
2 53
54 14
54 13
54 12
18 32
54 11
54 10
18 33
2 54
54 9
53 9
26 35
52 9
26 36
51 9
50 9
18 34
49 9
48 9
2 55
47 9
2 56
18 35
18 36
18 37
18 38
2 57
18 39
18 40
18 41
18 42
26 37
46 9
18 43
45 9
44 9
18 44
43 9
42 9
41 9
18 45
2 58
40 9
39 9
38 9
19 45
37 9
27 37
2 59
28 37
2 60
2 61
36 9
3 61
4 61
20 45
5 61
21 45
6 61
35 9
29 37
30 37
34 9
33 9
32 9
31 9
30 9
7 61
29 9
8 61
22 45
63 41
23 45
28 9
24 45
25 45
27 9
26 45
26 9
27 45
25 9
24 9
31 37
23 9
22 9
21 9
9 61
28 45
29 45
10 61
11 61
30 45
63 40
20 9
31 45
12 61
19 9
18 9
17 9
13 61
32 45
16 9
14 61
33 45
15 9
15 61
14 9
13 9
16 61
17 61
34 45
35 45
18 61
19 61
12 9
36 45
20 61
11 9
21 61
10 9
37 45
22 61
38 45
9 9
23 61
8 9
8 10
8 11
8 12
32 37
8 13
39 45
8 14
40 45
8 15
33 37
41 45
8 16
34 37
8 17
24 61
63 39
8 18
8 19
25 61
42 45
26 61
8 20
43 45
8 21
27 61
28 61
35 37
29 61
30 61
44 45
8 22
8 23
8 24
45 45
8 25
45 44
63 38
8 26
31 61
8 27
8 28
8 29
8 30
8 31
8 32
36 37
45 43
45 42
8 33
45 41
32 61
45 40
45 39
45 38
45 37
8 34
45 36
8 35
33 61
8 36
34 61
45 35
35 61
36 61
8 37
8 38
37 61
45 34
38 61
37 37
8 39
39 61
8 40
40 61
45 33
45 32
8 41
8 42
45 31
8 43
45 30
8 44
41 61
8 45
45 29
42 61
45 28
45 27
8 46
43 61
45 26
8 47
37 36
8 48
37 35
44 61
8 49
45 25
45 24
45 23
45 22
8 50
45 61
8 51
37 34
37 33
37 32
37 31
45 21
45 20
8 52
45 19
8 53
45 18
44 18
8 54
8 55
43 18
37 30
46 61
9 55
42 18
10 55
41 18
11 55
40 18
63 37
39 18
47 61
12 55
38 18
37 18
36 18
37 29
48 61
13 55
14 55
49 61
50 61
15 55
51 61
16 55
17 55
18 55
19 55
35 18
52 61
20 55
63 36
21 55
22 55
23 55
34 18
24 55
25 55
26 55
27 55
28 55
33 18
29 55
53 61
32 18
30 55
31 18
37 28
54 61
37 27
31 55
32 55
33 55
34 55
55 61
56 61
35 55
30 18
29 18
36 55
28 18
27 18
37 55
26 18
57 61
25 18
38 55
24 18
39 55
23 18
58 61
22 18
21 18
40 55
41 55
59 61
60 61
42 55
43 55
20 18
44 55
19 18
18 18
61 61
45 55
46 55
17 18
61 60
17 19
61 59
61 58
17 20
17 21
47 55
48 55
17 22
61 57
17 23
61 56
17 24
61 55
49 55
61 54
50 55
61 53
37 26
61 52
61 51
51 55
52 55
17 25
61 50
17 26
53 55
54 55
17 27
55 55
55 54
17 28
17 29
17 30
55 53
55 52
55 51
55 50
55 49
17 31
17 32
36 26
55 48
61 49
61 48
55 47
55 46
55 45
61 47
17 33
61 46
55 44
61 45
17 34
17 35
61 44
17 36
55 43
61 43
55 42
35 26
55 41
55 40
34 26
17 37
55 39
17 38
17 39
55 38
17 40
55 37
55 36
61 42
17 41
61 41
17 42
17 43
55 35
55 34
55 33
61 40
17 44
61 39
61 38
55 32
17 45
55 31
55 30
55 29
61 37
17 46
18 46
55 28
33 26
61 36
19 46
55 27
55 26
55 25
55 24
55 23
20 46
32 26
55 22
61 35
61 34
21 46
22 46
55 21
55 20
61 33
55 19
23 46
24 46
31 26
61 32
55 18
55 17
55 16
61 31
55 15
55 14
30 26
25 46
55 13
26 46
27 46
28 46
29 46
55 12
30 46
55 11
55 10
55 9
55 8
29 26
28 26
61 30
54 8
53 8
52 8
61 29
51 8
50 8
27 26
49 8
48 8
47 8
46 8
45 8
61 28
44 8
61 27
43 8
42 8
41 8
61 26
31 46
40 8
61 25
32 46
33 46
39 8
38 8
37 8
61 24
61 23
36 8
34 46
35 46
61 22
35 8
36 46
61 21
34 8
33 8
26 26
37 46
32 8
61 20
61 19
38 46
31 8
30 8
29 8
61 18
28 8
39 46
61 17
61 16
27 8
26 8
25 8
24 8
61 15
61 14
61 13
40 46
23 8
22 8
41 46
21 8
42 46
43 46
44 46
61 12
20 8
19 8
18 8
61 11
61 10
61 9
17 8
16 8
15 8
25 26
14 8
13 8
45 46
12 8
46 46
61 8
11 8
10 8
46 45
46 44
9 8
8 8
46 43
7 8
7 9
7 10
7 11
46 42
7 12
61 7
7 13
46 41
7 14
46 40
46 39
7 15
61 6
7 16
7 17
25 27
61 5
61 4
7 18
61 3
61 2
7 19
46 38
7 20
60 2
46 37
59 2
7 21
7 22
7 23
25 28
46 36
7 24
46 35
7 25
46 34
58 2
57 2
46 33
56 2
46 32
63 35
55 2
7 26
54 2
7 27
7 28
7 29
25 29
46 31
7 30
46 30
7 31
7 32
46 29
53 2
46 28
7 33
46 27
7 34
7 35
46 26
7 36
46 25
46 24
52 2
51 2
7 37
46 23
63 34
46 22
7 38
50 2
49 2
48 2
46 21
46 20
47 2
7 39
7 40
46 19
25 30
46 2
46 18
46 17
7 41
45 17
44 17
7 42
7 43
43 17
45 2
44 2
25 31
43 2
42 17
7 44
41 17
7 45
40 17
7 46
42 2
63 33
39 17
7 47
38 17
7 48
41 2
37 17
7 49
36 17
35 17
7 50
25 32
7 51
7 52
34 17
40 2
7 53
33 17
39 2
7 54
7 55
7 56
8 56
9 56
38 2
63 32
32 17
31 17
10 56
37 2
11 56
30 17
36 2
12 56
29 17
13 56
14 56
28 17
35 2
15 56
16 56
17 56
34 2
33 2
27 17
32 2
18 56
19 56
31 2
26 17
25 17
30 2
20 56
29 2
28 2
21 56
27 2
24 17
23 17
22 56
23 56
24 56
25 56
26 56
27 56
22 17
28 56
29 56
26 2
25 33
30 56
25 2
24 2
31 56
32 56
21 17
33 56
34 56
35 56
36 56
37 56
38 56
39 56
23 2
22 2
40 56
41 56
21 2
42 56
20 17
19 17
20 2
43 56
18 17
44 56
17 17
19 2
16 17
45 56
18 2
17 2
16 18
46 56
16 19
16 20
16 21
16 22
47 56
48 56
16 23
16 24
49 56
16 25
50 56
16 2
16 26
51 56
16 27
52 56
16 28
53 56
15 2
54 56
25 34
55 56
14 2
16 29
56 56
56 55
16 30
56 54
56 53
16 31
56 52
16 32
13 2
16 33
56 51
25 35
16 34
56 50
16 35
16 36
16 37
16 38
56 49
12 2
56 48
56 47
56 46
56 45
56 44
16 39
56 43
56 42
16 40
16 41
11 2
56 41
10 2
16 42
9 2
56 40
56 39
56 38
16 43
8 2
56 37
16 44
56 36
7 2
6 2
16 45
16 46
16 47
56 35
25 36
25 37
5 2
56 34
56 33
56 32
56 31
56 30
56 29
56 28
4 2
56 27
56 26
3 2
56 25
2 2
56 24
17 47
18 47
56 23
19 47
56 22
1 2
56 21
56 20
20 47
56 19
21 47
22 47
56 18
56 17
1 3
1 4
1 5
23 47
24 47
1 6
1 7
25 38
25 47
26 47
1 8
27 47
28 47
29 47
30 47
56 16
56 15
26 38
1 9
31 47
1 10
56 14
32 47
56 13
56 12
1 11
1 12
33 47
27 38
56 11
56 10
34 47
35 47
36 47
1 13
37 47
28 38
38 47
56 9
56 8
1 14
39 47
40 47
41 47
29 38
1 15
1 16
1 17
56 7
55 7
54 7
42 47
43 47
53 7
30 38
1 18
52 7
51 7
50 7
49 7
31 38
48 7
47 7
44 47
46 7
45 47
45 7
44 7
43 7
42 7
41 7
40 7
1 19
39 7
32 38
38 7
37 7
36 7
35 7
34 7
33 7
32 7
1 20
33 38
46 47
31 7
1 21
30 7
47 47
47 46
1 22
47 45
1 23
47 44
34 38
29 7
63 31
28 7
47 43
1 24
27 7
35 38
26 7
25 7
1 25
47 42
24 7
23 7
22 7
21 7
1 26
47 41
47 40
1 27
36 38
20 7
1 28
19 7
18 7
17 7
16 7
15 7
14 7
37 38
47 39
13 7
12 7
11 7
47 38
1 29
47 37
47 36
10 7
47 35
9 7
1 30
1 31
8 7
7 7
1 32
6 7
6 8
38 38
6 9
6 10
6 11
47 34
6 12
1 33
6 13
6 14
6 15
6 16
1 34
6 17
1 35
6 18
47 33
47 32
6 19
6 20
47 31
6 21
6 22
6 23
6 24
47 30
6 25
6 26
1 36
6 27
1 37
6 28
1 38
1 39
47 29
47 28
47 27
38 37
47 26
6 29
6 30
47 25
1 40
1 41
6 31
6 32
47 24
47 23
6 33
1 42
1 43
47 22
6 34
1 44
6 35
38 36
6 36
6 37
6 38
38 35
47 21
6 39
6 40
6 41
1 45
6 42
6 43
47 20
6 44
1 46
47 19
1 47
1 48
6 45
6 46
6 47
47 18
47 17
1 49
47 16
46 16
6 48
6 49
45 16
1 50
1 51
1 52
6 50
1 53
44 16
6 51
43 16
6 52
1 54
6 53
42 16
41 16
6 54
6 55
6 56
38 34
38 33
6 57
7 57
8 57
38 32
40 16
39 16
38 16
1 55
38 31
9 57
10 57
38 30
1 56
11 57
37 16
36 16
35 16
34 16
12 57
38 29
13 57
14 57
33 16
1 57
32 16
31 16
30 16
15 57
16 57
17 57
18 57
29 16
28 16
27 16
19 57
1 58
20 57
21 57
38 28
26 16
22 57
23 57
1 59
24 57
1 60
1 61
25 16
24 16
1 62
23 16
2 62
22 16
21 16
25 57
20 16
26 57
27 57
3 62
28 57
29 57
4 62
5 62
6 62
30 57
7 62
31 57
19 16
18 16
32 57
17 16
16 16
33 57
15 16
34 57
35 57
8 62
15 17
36 57
9 62
10 62
37 57
38 57
39 57
15 18
11 62
12 62
13 62
40 57
15 19
14 62
15 62
15 20
16 62
17 62
41 57
42 57
15 21
18 62
43 57
44 57
45 57
46 57
47 57
19 62
15 22
48 57
49 57
15 23
15 24
15 25
50 57
20 62
51 57
15 26
21 62
52 57
15 27
53 57
54 57
55 57
22 62
15 28
15 29
23 62
15 30
38 27
15 31
15 32
15 33
56 57
57 57
57 56
57 55
57 54
24 62
25 62
15 34
26 62
27 62
15 35
57 53
15 36
57 52
57 51
57 50
57 49
57 48
28 62
15 37
57 47
29 62
30 62
57 46
38 26
15 38
31 62
57 45
15 39
57 44
32 62
15 40
15 41
33 62
34 62
38 25
35 62
36 62
15 42
37 62
57 43
15 43
57 42
57 41
15 44
15 45
15 46
15 47
57 40
57 39
38 62
15 48
57 38
57 37
57 36
39 62
16 48
37 25
57 35
40 62
63 30
41 62
17 48
18 48
57 34
19 48
42 62
57 33
57 32
36 25
20 48
21 48
22 48
23 48
43 62
57 31
57 30
57 29
44 62
57 28
45 62
24 48
25 48
26 48
27 48
28 48
57 27
57 26
57 25
57 24
35 25
29 48
46 62
57 23
47 62
30 48
48 62
31 48
34 25
32 48
57 22
33 48
34 48
35 48
49 62
57 21
57 20
57 19
57 18
57 17
50 62
57 16
36 48
37 48
38 48
57 15
39 48
40 48
57 14
57 13
51 62
41 48
57 12
42 48
63 29
52 62
53 62
54 62
57 11
43 48
57 10
57 9
44 48
33 25
45 48
55 62
57 8
56 62
57 7
57 6
56 6
55 6
54 6
53 6
57 62
52 6
46 48
58 62
47 48
48 48
51 6
48 47
50 6
32 25
59 62
60 62
49 6
48 6
47 6
46 6
45 6
48 46
61 62
44 6
62 62
48 45
48 44
62 61
48 43
48 42
48 41
62 60
62 59
48 40
48 39
48 38
62 58
43 6
42 6
31 25
48 37
63 28
62 57
30 25
62 56
41 6
62 55
62 54
40 6
62 53
39 6
62 52
62 51
38 6
62 50
62 49
37 6
29 25
36 6
48 36
35 6
48 35
62 48
62 47
28 25
62 46
34 6
27 25
62 45
62 44
26 25
33 6
25 25
32 6
24 25
31 6
30 6
48 34
29 6
28 6
27 6
24 26
63 27
26 6
25 6
24 6
48 33
23 6
22 6
48 32
21 6
62 43
62 42
20 6
48 31
62 41
62 40
48 30
48 29
19 6
18 6
48 28
17 6
48 27
16 6
15 6
62 39
48 26
14 6
48 25
62 38
13 6
48 24
12 6
48 23
62 37
48 22
62 36
62 35
48 21
11 6
48 20
62 34
10 6
9 6
62 33
62 32
62 31
8 6
62 30
48 19
7 6
48 18
6 6
62 29
62 28
62 27
48 17
5 6
5 7
48 16
48 15
5 8
24 27
5 9
5 10
5 11
5 12
5 13
47 15
62 26
46 15
5 14
45 15
44 15
5 15
24 28
62 25
62 24
5 16
5 17
62 23
24 29
5 18
24 30
24 31
5 19
5 20
62 22
62 21
43 15
42 15
5 21
5 22
5 23
5 24
5 25
41 15
62 20
62 19
5 26
5 27
5 28
40 15
39 15
62 18
5 29
62 17
62 16
5 30
5 31
38 15
24 32
37 15
36 15
5 32
5 33
62 15
5 34
62 14
5 35
5 36
62 13
5 37
35 15
62 12
5 38
5 39
34 15
5 40
5 41
5 42
33 15
62 11
32 15
24 33
31 15
63 26
62 10
62 9
5 43
5 44
30 15
29 15
5 45
5 46
62 8
5 47
28 15
27 15
26 15
5 48
24 34
5 49
25 15
5 50
62 7
24 15
23 15
22 15
21 15
5 51
20 15
19 15
18 15
24 35
5 52
62 6
5 53
62 5
17 15
5 54
16 15
5 55
5 56
5 57
15 15
5 58
6 58
24 36
14 15
62 4
62 3
63 25
62 2
14 16
14 17
62 1
7 58
24 37
14 18
14 19
14 20
14 21
14 22
8 58
9 58
14 23
61 1
14 24
10 58
14 25
14 26
60 1
11 58
12 58
13 58
59 1
14 58
14 27
14 28
15 58
14 29
16 58
58 1
17 58
18 58
14 30
57 1
56 1
24 38
19 58
14 31
20 58
14 32
21 58
22 58
23 58
24 58
25 58
55 1
54 1
14 33
26 58
27 58
28 58
14 34
53 1
14 35
29 58
14 36
24 39
14 37
30 58
31 58
14 38
52 1
14 39
32 58
33 58
34 58
14 40
35 58
25 39
14 41
51 1
50 1
14 42
36 58
37 58
14 43
14 44
14 45
49 1
14 46
14 47
48 1
47 1
14 48
38 58
46 1
39 58
45 1
40 58
41 58
44 1
42 58
43 58
14 49
44 58
15 49
26 39
43 1
42 1
16 49
17 49
41 1
45 58
18 49
19 49
20 49
46 58
47 58
48 58
21 49
22 49
23 49
24 49
49 58
25 49
50 58
51 58
40 1
39 1
38 1
52 58
53 58
26 49
27 39
54 58
27 49
37 1
55 58
28 39
28 49
29 49
30 49
31 49
56 58
57 58
58 58
32 49
36 1
35 1
58 57
34 1
33 1
33 49
63 24
58 56
34 49
32 1
29 39
31 1
30 1
29 1
35 49
36 49
28 1
37 49
38 49
39 49
58 55
30 39
58 54
40 49
58 53
27 1
58 52
58 51
58 50
26 1
58 49
31 39
25 1
24 1
58 48
23 1
58 47
41 49
32 39
42 49
33 39
58 46
22 1
21 1
43 49
44 49
45 49
46 49
20 1
19 1
58 45
47 49
58 44
48 49
58 43
18 1
58 42
17 1
49 49
58 41
58 40
58 39
58 38
49 48
16 1
15 1
49 47
49 46
58 37
58 36
49 45
49 44
49 43
58 35
34 39
58 34
49 42
58 33
49 41
58 32
49 40
49 39
14 1
58 31
49 38
58 30
13 1
12 1
58 29
49 37
49 36
58 28
11 1
58 27
49 35
10 1
58 26
9 1
8 1
49 34
49 33
58 25
49 32
49 31
7 1
6 1
58 24
35 39
58 23
58 22
36 39
58 21
49 30
58 20
5 1
63 23
4 1
3 1
58 19
2 1
49 29
1 1
58 18
0 1
49 28
49 27
49 26
58 17
0 2
49 25
58 16
58 15
0 3
49 24
58 14
58 13
0 4
0 5
49 23
58 12
58 11
58 10
49 22
58 9
49 21
58 8
49 20
58 7
49 19
0 6
49 18
58 6
58 5
49 17
57 5
37 39
49 16
56 5
0 7
0 8
55 5
54 5
53 5
38 39
52 5
51 5
50 5
0 9
0 10
0 11
39 39
0 12
39 38
0 13
49 15
49 14
0 14
0 15
48 14
49 5
39 37
48 5
0 16
47 14
46 14
0 17
0 18
47 5
0 19
45 14
44 14
43 14
46 5
0 20
42 14
45 5
44 5
43 5
42 5
41 5
0 21
0 22
41 14
39 36
40 5
0 23
39 5
39 35
38 5
37 5
40 14
36 5
35 5
39 14
34 5
33 5
0 24
38 14
37 14
36 14
32 5
35 14
31 5
34 14
30 5
33 14
32 14
31 14
29 5
28 5
27 5
30 14
29 14
28 14
26 5
0 25
39 34
25 5
24 5
23 5
27 14
0 26
22 5
21 5
26 14
25 14
20 5
0 27
19 5
18 5
24 14
17 5
0 28
23 14
16 5
15 5
0 29
14 5
39 33
0 30
13 5
12 5
22 14
21 14
11 5
20 14
39 32
0 31
10 5
19 14
9 5
39 31
8 5
7 5
6 5
0 32
0 33
5 5
18 14
4 5
4 6
4 7
0 34
4 8
17 14
39 30
0 35
39 29
0 36
4 9
16 14
15 14
14 14
13 14
4 10
4 11
39 28
0 37
4 12
4 13
4 14
4 15
13 15
4 16
13 16
13 17
13 18
4 17
4 18
13 19
13 20
4 19
4 20
13 21
39 27
0 38
39 26
13 22
13 23
0 39
0 40
4 21
4 22
4 23
4 24
4 25
0 41
4 26
4 27
13 24
13 25
13 26
0 42
0 43
63 22
4 28
39 25
4 29
0 44
13 27
39 24
0 45
4 30
4 31
4 32
0 46
4 33
4 34
0 47
4 35
4 36
4 37
4 38
13 28
4 39
13 29
38 24
0 48
4 40
4 41
0 49
0 50
13 30
13 31
0 51
4 42
4 43
4 44
0 52
13 32
4 45
4 46
4 47
0 53
0 54
13 33
4 48
0 55
0 56
4 49
4 50
13 34
4 51
0 57
4 52
4 53
4 54
0 58
13 35
4 55
4 56
4 57
0 59
13 36
4 58
4 59
13 37
0 60
5 59
0 61
13 38
0 62
0 63
1 63
6 59
7 59
2 63
37 24
3 63
13 39
13 40
13 41
8 59
13 42
4 63
9 59
13 43
13 44
10 59
11 59
13 45
36 24
12 59
5 63
13 46
6 63
13 47
13 48
13 59
13 49
7 63
35 24
14 59
15 59
16 59
17 59
18 59
19 59
20 59
21 59
8 63
9 63
13 50
10 63
14 50
22 59
11 63
12 63
15 50
63 21
13 63
16 50
17 50
18 50
19 50
34 24
20 50
14 63
23 59
15 63
24 59
25 59
26 59
16 63
27 59
28 59
17 63
21 50
22 50
23 50
29 59
33 24
18 63
30 59
19 63
20 63
21 63
24 50
25 50
26 50
32 24
27 50
31 59
31 24
28 50
29 50
22 63
32 59
23 63
30 50
24 63
25 63
33 59
26 63
34 59
35 59
31 50
36 59
37 59
27 63
28 63
38 59
32 50
39 59
40 59
33 50
34 50
41 59
35 50
42 59
43 59
44 59
45 59
29 63
46 59
30 24
47 59
30 63
48 59
49 59
36 50
37 50
50 59
38 50
39 50
31 63
51 59
40 50
41 50
42 50
43 50
32 63
33 63
34 63
44 50
45 50
29 24
52 59
35 63
53 59
36 63
46 50
54 59
55 59
47 50
48 50
56 59
57 59
49 50
37 63
58 59
50 50
38 63
59 59
50 49
39 63
59 58
50 48
59 57
59 56
28 24
40 63
50 47
50 46
59 55
59 54
59 53
27 24
59 52
59 51
59 50
59 49
41 63
42 63
59 48
59 47
59 46
59 45
43 63
59 44
59 43
50 45
59 42
59 41
59 40
50 44
50 43
26 24
50 42
59 39
59 38
44 63
59 37
45 63
59 36
46 63
47 63
50 41
48 63
49 63
59 35
50 40
59 34
50 39
63 20
59 33
59 32
25 24
59 31
59 30
50 38
59 29
50 63
59 28
51 63
50 37
59 27
50 36
50 35
59 26
59 25
59 24
59 23
50 34
50 33
59 22
50 32
24 24
59 21
59 20
50 31
50 30
50 29
52 63
50 28
59 19
23 24
23 25
50 27
59 18
53 63
54 63
50 26
59 17
50 25
55 63
23 26
56 63
59 16
50 24
57 63
59 15
58 63
59 63
60 63
59 14
61 63
59 13
59 12
59 11
59 10
62 63
63 19
59 9
59 8
50 23
63 63
59 7
59 6
63 62
50 22
63 61
63 60
59 5
50 21
59 4
58 4
57 4
50 20
63 59
50 19
63 58
50 18
56 4
63 57
55 4
